m:a level,10026,-5000,-5000,5000,5000,background,255;
p:0,0,18,20;
1:-134,67,256,26,0.000000,0,50,stone,0,0,0,0,1,255,255,255,255,0,0,0,100;
2:-157,67,25,25,0.000000,0,50,check,0,1,0,0,1,255,255,255,255,0,0,0,255;
3:-98,56,59,18,0.000000,0,50,Bcheck,0,2,0,0,1,255,255,255,255,0,0,0,255;
4:-42,-65,27,151,0.000000,0,50,stone,0,0,0,0,1,255,255,255,255,0,0,0,100;
5:53,2,144,91,-0.903207,1,50,stone,0,0,0,0,1,255,255,255,255,0,0,0,100;
d0:198,4,109,33,1,0,90,0;
k0:99,-79,57,43,255;
/
i0:0,0,0,1,0,1,0,0,11.114182,7.500000;
i1:681,0,0,0,0,1,103,24,215.889882,7.000000;
i2:710,0,1,0,0,1,109,22,186.219577,7.500000;
i3:866,0,0,0,0,1,124,14,33.272105,7.500000;
i4:1171,0,0,1,0,1,130,10,23.787780,7.000000;
i5:1400,0,0,0,0,1,151,1,127.253751,7.000000;
i6:1442,0,1,0,0,1,156,-1,101.804549,7.000000;
i7:1849,1,1,0,0,1,134,8,-148.799903,103.500000;
i8:2368,0,1,0,0,1,30,0,-231.057160,251.500000;
i9:2543,1,1,0,0,1,-11,25,-240.070596,340.000000;
i10:2913,0,1,0,0,1,-2,11,-63.883750,166.000000;
i11:3056,1,1,0,0,1,-11,19,-114.976044,237.500000;
i12:3415,0,1,0,0,1,-3,4,-58.653536,151.000000;
i13:3516,1,1,0,0,1,-8,7,-91.220107,201.500000;
i14:3870,0,1,0,0,1,-3,-5,-45.728366,127.000000;
i15:4030,1,1,0,0,1,-9,-2,-95.320633,207.000000;
i16:4360,0,1,0,0,1,-3,-16,-42.785342,122.000000;
i17:4518,1,1,0,0,1,-8,-13,-91.216322,201.500000;
i18:4862,0,1,0,0,1,-3,-26,-42.787541,122.000000;
i19:5034,1,1,0,0,1,-8,-23,-95.794735,208.000000;
i20:5435,0,1,0,0,1,-4,-37,-62.796046,157.500000;
i21:5581,1,1,0,0,1,-12,-30,-113.113041,231.500000;
i22:5917,0,1,0,0,1,-3,-47,-55.545878,145.000000;
i23:6033,1,1,0,0,1,-8,-44,-92.174299,202.500000;
i24:6379,0,1,0,0,1,-3,-57,-43.302660,123.000000;
i25:6506,1,1,0,0,1,-6,-55,-81.645137,187.500000;
i26:6851,0,1,0,0,1,-3,-66,-36.255659,108.500000;
i27:6974,1,1,0,0,1,-4,-67,-69.943543,169.500000;
i28:7404,0,1,0,0,1,-3,-77,-46.397254,129.000000;
i29:7535,1,1,0,0,1,-7,-75,-86.725507,195.000000;
i30:7925,0,1,0,0,1,-3,-87,-50.988189,137.500000;
i31:8056,1,1,0,0,1,-8,-84,-92.619333,203.500000;
i32:8444,0,1,0,0,1,-3,-97,-54.629298,143.500000;
i33:8893,0,0,0,0,1,-51,-84,-180.644793,7.000000;
i34:8922,0,0,1,0,1,-56,-84,-155.209081,7.000000;
i35:9050,0,0,0,0,1,-65,-82,-35.528588,50.000000;
i36:9424,0,1,0,0,1,-71,-27,-21.312521,236.500000;
c0:9646;
i37:9911,0,1,1,0,1,-136,39,-200.072232,59.000000;
i38:9939,0,0,1,0,1,-141,41,-183.174227,73.500000;
