m:deathrun,6423,-5000,-5000,5000,5000,background,255,3.360000,60000;
p:0,0,18,20;
1:-58,29,156,52,0.000000,0,50,stone,0,0,0,0,1,255,255,255,255,0,0,0,100;
2:168,-70,26,560,0.000000,0,50,stone,0,0,0,0,1,255,255,249,255,0,0,0,100;
3:51,79,28,411,0.000000,0,50,stone,0,0,0,0,1,255,255,255,255,0,0,0,100;
4:66,569,118,27,0.000000,0,50,stone,0,0,0,0,1,255,239,255,255,0,0,0,100;
5:98,563,48,17,0.000000,0,30,Bcheck,0,2,0,11,1,246,255,255,255,0,0,0,100;
6:547,341,66,11,0.000000,0,50,stone,0,0,0,0,1,255,255,244,249,0,0,0,100;
7:866,501,180,189,0.000000,0,50,stone,0,0,0,0,1,255,255,255,255,0,0,0,100;
8:946,494,98,9,0.000000,0,30,check,0,1,0,12,1,255,255,255,255,0,0,0,100;
d0:226,577,121,24,1,0,900,900;
d1:547,315,72,28,0,1,1020,1020;
k0:-63,-46,28,116,116;
k1:54,17,25,17,17;
k2:74,79,66,88,88;
k3:111,245,66,88,88;
k4:31,377,66,88,88;
k5:140,378,66,88,88;
k6:237,645,151,28,28;
k7:254,206,110,189,189;
k8:523,349,110,269,269;
k9:392,533,225,156,156;
k10:422,97,328,158,158;
k11:748,131,297,183,183;
k12:360,226,100,60,60;
/
i0:0,0,0,1,0,1,0,0,8.971614,6.000000;
i1:214,1,0,1,0,1,16,7,125.364154,6.500000;
i2:363,0,0,1,0,1,39,-8,171.404902,80.500000;
i3:690,0,0,0,0,1,104,-3,214.653120,243.500000;
i4:1550,0,0,1,0,1,150,179,11.114182,500.000000;
i5:1731,1,0,1,0,1,150,202,10.404359,0.000000;
i6:1802,1,0,0,0,1,143,193,2.774201,35.500000;
i7:1831,1,1,0,0,1,141,190,0.632337,49.500000;
i8:1873,0,1,0,0,1,138,186,-7.073802,70.500000;
i9:2193,0,0,0,0,1,108,188,-97.562501,231.000000;
i10:2595,0,0,1,0,1,80,262,-18.855274,432.000000;
i11:2913,0,0,0,0,1,104,378,137.963819,591.000000;
i12:2941,0,1,0,0,1,107,391,116.459048,605.000000;
c0:3231;
i13:3273,0,0,0,0,1,99,543,-106.098646,7.000000;
i14:3300,0,0,1,0,1,97,543,-88.458187,6.500000;
i15:4039,1,0,1,0,1,185,546,220.130555,9.000000;
i16:4399,0,0,1,0,1,268,529,240.967779,187.500000;
i17:6423,1,0,1,0,1,929,478,364.974733,8.500000;
