m:deathrun,6779,-5000,-5000,5000,5000,background,255;
p:0,0,18,20;
0:360,226,100,60,0.000000,t,978,None,t,184,0,0,0,0,0,0,0;
1:-58,29,156,52,0.000000,f,50,stone,f,0,0,0,1,255,255,255,255;
2:168,-70,26,560,0.000000,f,50,stone,f,0,0,0,1,255,255,249,255;
3:51,79,28,411,0.000000,f,50,stone,f,0,0,0,1,255,255,255,255;
4:66,569,118,27,0.000000,f,50,stone,f,0,0,0,1,255,239,255,255;
5:98,563,48,17,0.000000,f,30,Bcheck,f,2,0,11,0,0,0,0,0;
6:547,341,66,11,0.000000,f,50,stone,f,0,0,0,1,255,255,244,249;
7:875,501,180,189,0.000000,f,50,stone,f,0,0,0,1,255,255,255,255;
8:946,494,98,9,0.000000,f,30,check,f,1,0,12,1,255,255,255,255;
d0:226,577,121,24,1,0,900;
d1:547,315,72,28,0,1,1020;
k0:-63,-46,28,116;
k1:54,17,25,17;
k2:74,79,66,88;
k3:111,245,66,88;
k4:31,377,66,88;
k5:140,378,66,88;
k6:237,645,151,28;
k7:254,206,110,189;
k8:523,349,110,269;
k9:392,533,225,156;
k10:422,97,328,158;
k11:748,131,297,183;
k12:360,226,100,60;
/
i0:0,0,0,1,0,1,0,0,6.789455,4.500000;
i1:155,1,0,1,0,1,9,7,100.306173,83.500000;
i2:401,0,0,1,0,1,45,-11,179.718875,108.500000;
i3:673,0,0,0,0,1,101,-2,211.380658,246.000000;
i4:1573,0,0,1,0,1,150,189,8.248653,490.500000;
i5:1699,1,0,1,0,1,150,206,10.404359,0.000000;
i6:1764,1,0,0,0,1,144,197,2.248959,32.500000;
i7:1792,1,1,0,0,1,142,194,0.447604,45.500000;
i8:1827,0,1,0,0,1,139,191,-5.781116,64.000000;
i9:2131,0,0,0,0,1,111,189,-87.644368,215.000000;
i10:2563,0,0,1,0,1,84,265,-15.849296,430.500000;
i11:2727,0,0,0,0,1,91,319,79.757119,514.500000;
i12:3058,0,1,0,0,1,106,468,19.273295,679.500000;
c0:3202;
i13:3402,0,0,0,0,1,76,549,-146.123040,7.000000;
i14:3451,0,0,1,0,1,70,549,-120.173272,5.000000;
i15:4284,1,0,1,0,1,170,547,228.082683,6.000000;
i16:4699,0,0,1,0,1,269,532,245.598405,213.000000;
i17:5384,1,0,1,0,1,441,314,251.970354,233.500000;
i18:5754,0,0,1,0,1,534,320,266.868392,7.000000;
i19:6709,0,0,0,0,1,930,449,359.212285,370.500000;
i20:6732,0,1,0,0,1,938,457,328.819205,382.000000;
