m:deathrun,6544,-5000,-5000,5000,5000,background,255;
p:0,0,18,20;
0:360,226,100,60,0.000000,t,978,None,t,184,0,0,0,0,0,0,0;
1:-58,29,156,52,0.000000,f,50,stone,f,0,0,0,1,255,255,255,255;
2:168,-70,26,560,0.000000,f,50,stone,f,0,0,0,1,255,255,249,255;
3:51,79,28,411,0.000000,f,50,stone,f,0,0,0,1,255,255,255,255;
4:66,569,118,27,0.000000,f,50,stone,f,0,0,0,1,255,239,255,255;
5:98,563,48,17,0.000000,f,30,Bcheck,f,2,0,11,0,0,0,0,0;
6:547,341,66,11,0.000000,f,50,stone,f,0,0,0,1,255,255,244,249;
7:875,501,180,189,0.000000,f,50,stone,f,0,0,0,1,255,255,255,255;
8:946,494,98,9,0.000000,f,30,check,f,1,0,12,1,255,255,255,255;
d0:226,577,121,24,1,0,900;
d1:547,315,72,28,0,1,1020;
k0:-63,-46,28,116;
k1:54,17,25,17;
k2:74,79,66,88;
k3:111,245,66,88;
k4:31,377,66,88;
k5:140,378,66,88;
k6:237,645,151,28;
k7:254,206,110,189;
k8:523,349,110,269;
k9:392,533,225,156;
k10:422,97,328,158;
k11:748,131,297,183;
k12:360,226,100,60;
/
i0:0,0,0,1,0,1,0,0,7.521274,5.000000;
i1:177,1,0,1,0,1,11,9,108.901883,93.000000;
i2:351,0,0,1,0,1,36,-9,168.483858,87.500000;
i3:658,0,0,0,0,1,97,-4,212.974231,241.000000;
i4:1575,0,0,1,0,1,150,191,8.248653,470.500000;
i5:1689,1,0,1,0,1,150,206,8.971614,0.000000;
i6:1771,1,1,1,0,1,143,195,2.576096,40.500000;
i7:1795,1,1,0,0,1,141,193,-1.097534,52.500000;
i8:1819,0,1,0,0,1,139,191,-5.169293,64.000000;
i9:2107,0,0,0,0,1,113,188,-83.325440,208.500000;
i10:2612,0,0,1,0,1,85,284,-6.262578,463.500000;
i11:2851,0,1,1,0,1,100,372,108.477440,580.500000;
i12:2874,0,1,0,0,1,102,382,84.325384,592.000000;
c0:3191;
i13:3247,0,0,0,0,1,81,549,-135.307745,5.500000;
i14:3258,0,0,1,0,1,80,549,-122.672953,5.500000;
i15:4060,1,0,1,0,1,172,547,225.378126,5.500000;
i16:4407,0,0,1,0,1,254,528,244.109456,179.000000;
i17:6544,0,1,1,0,1,951,477,328.916487,407.500000;
