m:green1,-1,-1080,-5000,1080,5000,background2,255,3.000000,60000,0;
p:-833,-983,18,20;
1:-1080,30,630,30,0.000000,0,30,stone,0,0,0,0,1,255,0,255,0,0,-1,0,0,0,0,0;
2:-1082,-212,1500,425,0.000000,0,30,underStone,0,0,0,0,0,255,0,255,7,0,-1,0,0,0,0,0;
3:-1080,60,630,360,0.000000,0,30,tileRed,0,0,0,0,1,255,0,255,0,0,-1,0,0,0,0,0;
4:-870,-30,60,60,0.000000,0,30,tileWhite,0,0,0,0,1,255,0,255,0,0,-1,0,0,0,0,0;
5:-1080,-240,1500,30,0.000000,0,30,stone,0,0,0,0,1,255,0,255,0,0,-1,0,2,0,0,0;
6:180,-210,30,270,0.000000,0,30,stone,0,0,0,0,1,255,0,255,0,0,-1,0,1,0,0,0;
7:-930,-30,60,60,-1.570795,1,30,tileWhite,0,0,0,0,1,255,0,255,0,0,-1,0,0,0,0,0;
8:-1080,-420,1500,180,0.000000,0,30,tileRed,0,0,0,0,1,255,0,255,0,0,-1,0,0,0,0,0;
9:-360,30,60,30,0.000000,0,30,stone,0,0,0,0,1,255,0,255,0,0,-1,0,0,0,0,0;
10:-193,31,19,29,0.000000,0,30,stone,0,0,0,0,1,255,0,255,0,0,-1,0,0,0,0,0;
11:-450,240,1230,180,0.000000,0,30,tileRed,0,0,0,0,1,255,0,255,0,0,-1,0,0,0,0,0;
12:-450,210,1500,30,0.000000,0,30,stone,0,0,0,0,1,255,0,255,0,0,-1,0,0,0,0,0;
13:-90,28,60,30,0.000000,0,30,stone,0,0,0,0,1,255,0,255,0,0,-1,0,0,0,0,0;
14:-450,30,180,180,-1.570795,0,30,tileRed,0,0,0,0,1,255,0,255,0,0,-1,0,0,0,0,0;
15:313,4,28,91,0.000000,0,30,stone,0,0,0,0,1,255,0,255,0,0,-1,0,3,0,0,0;
16:23,2,72,30,0.000000,0,30,stone,0,0,0,0,1,255,0,255,0,0,-1,0,0,0,0,0;
17:420,60,30,150,0.000000,0,30,stone,0,0,0,0,1,255,0,255,0,0,-1,0,1,0,0,0;
18:417,-602,691,843,0.000000,0,30,underStone,0,0,0,0,0,255,0,255,7,0,-1,0,0,0,0,0;
19:420,-240,450,30,0.000000,0,30,stone,0,0,0,0,1,255,0,255,0,0,-1,0,2,0,0,0;
20:420,-420,420,180,0.000000,0,30,tileRed,0,0,0,0,1,255,0,255,0,0,-1,0,0,0,0,0;
21:840,-420,30,180,0.000000,0,30,tileWhite,0,0,0,0,1,255,0,255,0,200,-1,0,0,0,0,0;
22:1050,-600,30,840,0.000000,0,30,stone,0,0,0,0,1,255,0,255,0,0,-1,0,1,0,0,0;
23:780,240,300,180,0.000000,0,30,tileRed,0,0,0,0,1,255,0,255,0,0,-1,0,0,0,0,0;
24:131,214,121,30,0.000000,0,30,arrows,0,0,0,0,1,255,0,255,0,102,-1,0,1,0,0,0;
25:181,-61,28,66,0.000000,0,30,arrows,0,0,0,0,1,255,0,255,0,102,-1,0,3,0,0,0;
26:-1140,-270,60,360,0.000000,0,30,tileRed,0,0,0,0,1,255,0,255,0,0,-1,0,0,0,0,0;
27:267,79,47,16,0.000000,0,30,stone,0,0,0,0,1,255,0,255,0,0,-1,0,0,0,0,0;
28:450,30,180,30,0.000000,0,30,stone,0,0,0,0,1,255,0,255,0,0,-1,0,0,0,0,0;
29:420,30,30,30,0.000000,0,30,tileWhite,0,0,0,0,1,255,0,255,0,200,-1,0,0,0,0,0;
30:690,30,30,30,0.000000,0,30,tileWhite,0,0,0,0,1,255,0,255,0,200,-1,0,0,0,0,0;
31:810,30,30,30,0.000000,0,30,tileWhite,0,0,0,0,1,255,0,255,0,200,-1,0,0,0,0,0;
32:720,30,90,30,0.000000,0,30,tileRed,0,0,0,0,1,255,0,255,0,0,-1,0,0,0,0,0;
33:810,-210,30,240,0.000000,0,30,stone,0,0,0,0,1,255,0,255,0,0,-1,0,1,0,0,0;
34:840,-210,30,240,0.000000,0,30,tileRed,0,0,0,0,1,255,0,255,0,0,-1,0,0,0,0,0;
35:510,120,240,30,0.000000,0,30,tileWhite,0,0,0,0,1,255,0,255,0,200,-1,0,0,0,0,0;
36:454,63,55,58,0.000000,0,30,sawblade,1,0,0,0,0,255,0,255,0,10,0,100,0,0,0,0;
37:810,120,30,90,0.000000,0,30,stone,0,0,0,0,1,255,0,255,0,0,-1,0,1,0,0,0;
38:814,61,20,60,0.000000,0,30,None,0,0,0,0,1,255,0,255,0,0,1,0,0,0,0,0;
39:487,176,11,11,0.000000,0,30,None,0,0,0,0,0,255,255,255,255,0,-1,0,0,0,0,0;
40:840,120,210,30,0.000000,0,30,tileWhite,0,0,0,0,1,255,0,255,0,200,-1,0,0,0,0,0;
41:840,150,211,61,0.000000,0,30,tileRed,0,0,0,0,1,255,0,255,0,0,-1,0,0,0,0,0;
42:-30,2,53,30,-0.942477,1,30,stone,0,0,0,0,1,255,0,255,0,0,-1,0,0,0,0,0;
43:312,-26,30,30,0.000000,0,30,tileWhite,0,0,0,0,1,255,0,255,0,200,-1,0,0,0,0,0;
44:390,-450,480,30,0.000000,0,30,stone,0,0,0,0,1,255,0,255,0,0,-1,0,0,0,0,0;
45:900,120,150,30,0.000000,0,30,stone3,0,0,0,0,1,255,255,255,255,0,2,0,0,0,0,0;
46:909,-450,5,570,0.000000,0,30,underStone,0,0,0,0,0,255,255,255,255,0,-1,0,0,0,0,0;
47:1036,-456,17,593,0.000000,0,30,ladder,0,0,0,0,0,255,255,255,255,0,-1,0,0,0,0,0;
48:870,-450,30,30,0.000000,0,30,tileWhite,0,0,0,0,1,255,0,255,0,200,-1,0,3,0,0,0;
49:995,-320,95,95,0.000000,0,30,sawblade,1,0,0,0,0,255,0,255,7,13,-1,0,1,0,0,0;
50:870,-170,80,80,0.000000,0,30,sawblade,1,0,0,0,0,255,0,255,7,13,-1,0,3,0,0,0;
51:870,-420,30,420,0.000000,0,30,tileWhite,0,0,0,0,1,255,0,255,0,200,-1,0,1,0,0,0;
52:240,-98,28,120,0.000000,0,30,stone,0,0,0,0,1,255,0,255,0,0,-1,0,3,0,0,0;
53:342,31,77,63,1.060287,1,30,soil,0,0,0,0,1,255,0,255,0,0,-1,0,0,0,0,0;
54:210,-98,31,121,0.000000,0,30,tileWhite,0,0,0,0,1,255,0,255,0,200,-1,0,3,0,0,0;
55:888,-447,22,445,0.000000,0,30,ladder,0,0,0,0,0,255,255,255,255,0,-1,0,0,0,0,0;
56:937,-97,81,82,0.000000,0,30,sawblade,1,0,0,0,0,255,0,255,7,13,-1,0,0,0,0,0;
57:872,-384,81,82,0.000000,0,30,sawblade,1,0,0,0,0,255,0,255,7,13,-1,0,0,0,0,0;
58:899,-602,150,30,0.000000,0,30,tileWhite,0,0,0,0,1,255,0,255,0,0,-1,0,0,0,0,0;
59:390,-630,690,30,0.000000,0,30,stone,0,0,0,0,1,255,0,255,0,0,-1,0,2,0,0,0;
60:901,-576,155,17,0.000000,0,17,spikes,0,0,0,0,0,255,0,255,0,0,-1,0,2,0,0,0;
61:945,-257,67,72,0.000000,0,30,sawblade,1,0,0,0,0,255,0,255,7,13,-1,0,0,0,0,0;
62:388,-1174,32,330,0.000000,0,30,stone,0,0,0,0,1,255,0,255,0,0,-1,0,1,0,0,0;
63:-1080,-1261,30,840,0.000000,0,30,stone,0,0,0,0,1,255,0,255,0,0,-1,0,3,0,0,0;
64:-1080,-1230,1500,810,0.000000,0,30,underStone,0,0,98,6,0,255,0,255,7,0,-1,0,0,0,0,0;
65:-1051,-433,1500,80,0.000000,0,17,spikes,0,0,0,0,0,255,0,255,0,0,-1,0,0,0,0,0;
66:120,-450,90,30,0.000000,0,30,stone,0,0,0,0,1,255,0,255,0,0,-1,0,0,0,0,0;
67:-155,-451,47,31,0.000000,0,30,stone,0,0,0,0,1,255,0,255,0,0,-1,0,0,0,0,0;
68:-249,-481,47,30,0.000000,0,30,stone,0,0,0,0,1,255,0,255,0,0,-1,0,0,0,0,0;
69:-202,-481,47,61,-0.510508,0,30,stone,0,0,0,0,1,255,0,255,0,0,-1,0,0,0,0,0;
70:-397,-719,47,30,0.000000,0,30,stone,0,0,0,0,1,255,0,255,0,0,-1,0,2,0,0,0;
71:-398,-600,47,30,0.000000,0,30,stone,0,0,0,0,1,255,0,255,0,0,-1,0,0,0,0,0;
72:-247,-513,45,32,0.000000,0,30,floatyThing,0,0,0,0,0,114,0,255,0,0,-1,0,0,0,2,250;
73:-247,-486,46,5,0.000000,0,30,None,0,0,0,0,0,255,0,255,0,0,-1,0,0,0,0,0;
74:-390,-570,30,150,0.000000,0,30,soil,0,0,0,0,1,255,0,255,0,0,-1,0,0,0,0,0;
75:-389,-870,30,150,0.000000,0,30,soil,0,0,0,0,1,255,0,255,0,0,-1,0,0,0,0,0;
76:-360,-566,17,119,0.000000,0,17,spikes,0,0,0,0,0,255,0,255,0,0,-1,0,3,0,0,0;
77:-360,-851,17,119,0.000000,0,17,spikes,0,0,0,0,0,255,0,255,0,0,-1,0,3,0,0,0;
78:-401,-614,52,16,0.000000,0,17,spikes,0,0,0,0,0,255,0,255,0,0,-1,0,0,0,0,0;
79:-400,-690,52,16,0.000000,0,17,spikes,0,0,0,0,0,255,0,255,0,0,-1,0,2,0,0,0;
80:-570,-450,60,30,0.000000,0,30,stone,0,0,0,0,1,255,0,255,0,0,-1,0,0,0,0,0;
81:-563,-509,44,63,0.000000,0,30,floatyThing,0,0,0,0,0,144,0,255,0,0,-1,0,0,0,0,250;
82:-564,-454,46,5,0.000000,0,30,None,0,0,0,0,0,255,0,255,0,0,-1,0,0,0,0,0;
83:-720,-609,32,190,0.000000,0,30,soil,0,0,0,0,1,255,0,255,0,0,-1,0,0,0,0,0;
84:-725,-638,47,30,0.000000,0,30,stone,0,0,0,0,1,255,0,255,0,0,-1,0,0,0,0,0;
85:-726,-737,47,30,0.000000,0,30,stone,0,0,0,0,1,255,0,255,0,0,-1,0,2,0,0,0;
86:-718,-888,30,150,0.000000,0,30,soil,0,0,0,0,1,255,0,255,0,0,-1,0,0,0,0,0;
87:-727,-652,52,16,0.000000,0,17,spikes,0,0,0,0,0,255,0,255,0,0,-1,0,0,0,0,0;
88:-727,-708,52,16,0.000000,0,17,spikes,0,0,0,0,0,255,0,255,0,0,-1,0,2,0,0,0;
89:-689,-591,16,137,0.000000,0,17,spikes,0,0,0,0,0,255,0,255,0,0,-1,0,3,0,0,0;
90:-690,-881,16,137,0.000000,0,17,spikes,0,0,0,0,0,255,0,255,0,0,-1,0,3,0,0,0;
91:662,-517,50,66,0.000000,0,50,Bcheck,0,2,0,0,0,12,255,255,255,0,-1,0,0,0,0,0;
92:662,-518,50,71,0.000000,0,30,floatyThing,0,0,0,0,0,114,0,255,255,0,-1,0,0,0,0,250;
93:663,-455,46,5,0.000000,0,30,None,0,0,0,0,0,255,0,255,255,0,-1,0,0,0,0,0;
94:-241,-450,31,30,0.000000,0,30,arrows,0,0,0,0,0,255,0,255,0,102,-1,0,1,0,0,0;
95:-551,-673,31,30,0.000000,0,30,arrows,0,0,0,0,0,255,0,255,0,102,-1,0,1,0,0,0;
96:-910,-597,60,30,0.000000,0,30,stone,0,0,0,0,1,255,0,255,0,0,-1,0,0,0,0,0;
97:-896,-567,33,148,0.000000,0,30,soil,0,0,0,0,1,255,0,255,0,0,-1,0,0,0,0,0;
98:-960,-780,242,30,0.000000,0,30,tileRed,0,0,0,0,1,255,0,255,0,0,-1,0,0,0,0,0;
99:-1033,-810,60,60,0.000000,0,30,sawblade,1,0,0,0,0,255,0,255,0,20,3,70,0,0,0,0;
100:-1050,-480,90,30,0.000000,0,30,stone,0,0,0,0,1,255,0,255,0,0,-1,0,0,0,0,0;
101:-1050,-570,90,90,0.000000,0,30,floatyThing,0,0,0,0,0,144,0,255,0,0,-1,0,0,0,0,150;
102:-1046,-483,80,11,0.000000,0,30,None,0,0,0,0,0,255,0,255,0,0,-1,0,0,0,0,0;
103:-959,-810,241,29,0.000000,0,30,stone,0,0,0,0,1,255,0,255,0,0,-1,0,0,0,0,0;
104:-732,-917,60,30,0.000000,0,30,stone,0,0,0,0,1,255,0,255,0,0,-1,0,0,0,0,0;
105:-960,-930,32,59,0.000000,0,30,tileRed,0,0,0,0,1,255,0,255,0,0,-1,0,0,0,0,0;
106:-960,-960,30,30,0.000000,0,30,tileWhite,0,0,0,0,1,255,0,255,0,150,-1,0,0,0,0,0;
107:-840,-960,30,30,0.000000,0,30,tileWhite,0,0,0,0,1,255,0,255,0,150,-1,0,0,0,0,0;
108:-959,-1080,240,30,0.000000,0,30,stone,0,0,0,0,1,255,0,255,0,0,-1,0,2,0,0,0;
109:-960,-1170,243,90,0.000000,0,30,tileRed,0,0,0,0,1,255,0,255,0,0,-1,0,0,0,0,0;
110:-1050,-1170,90,30,0.000000,0,30,tileRed,0,0,0,0,1,255,0,255,0,0,-1,0,0,0,0,0;
111:-394,-900,150,30,0.000000,0,30,stone,0,0,0,0,1,255,0,255,0,0,-1,0,0,0,0,0;
112:-600,-840,120,30,0.000000,0,30,arrows,0,0,0,0,0,255,0,255,0,102,-1,0,3,0,0,0;
113:-1050,-930,16,345,0.000000,0,15,spikes,0,0,0,0,0,255,0,255,0,0,-1,0,3,0,0,0;
114:-600,-1200,120,360,0.000000,0,30,tileRed,0,0,0,0,1,255,0,255,0,0,-1,0,0,0,0,0;
115:-600,-960,30,30,0.000000,0,30,tileWhite,0,0,0,0,1,255,0,255,0,150,-1,0,0,0,0,0;
116:-570,-870,30,30,0.000000,0,30,tileWhite,0,0,0,0,1,255,0,255,0,150,-1,0,0,0,0,0;
117:-510,-900,30,30,0.000000,0,30,tileWhite,0,0,0,0,1,255,0,255,0,150,-1,0,0,0,0,0;
118:-510,-1018,30,30,0.000000,0,30,tileWhite,0,0,0,0,1,255,0,255,0,150,-1,0,0,0,0,0;
119:-840,-929,32,59,0.000000,0,30,tileRed,0,0,0,0,1,255,0,255,0,0,-1,0,0,0,0,0;
120:-1050,-1260,1470,90,0.000000,0,30,tileRed,0,0,0,0,1,255,0,255,0,0,-1,0,0,0,0,0;
121:-132,-902,150,30,0.000000,0,30,stone,0,0,0,0,1,255,0,255,0,0,-1,0,0,0,0,0;
122:109,-953,150,30,0.000000,0,30,stone,0,0,0,0,1,255,0,255,0,0,-1,0,0,0,0,0;
123:390,-781,29,152,0.000000,0,30,stone,0,0,0,0,1,255,0,255,0,0,-1,0,1,0,0,0;
124:300,-761,90,77,0.274889,0,30,tileBlue,0,0,0,0,1,255,0,255,0,0,-1,0,0,0,0,0;
t1:485,174,17,16,0,0,-1,30,38,0,0,0;
t2:486,176,15,14,0,0,-1,0,38,0,3000,0;
t3:963,67,76,56,0,0,-1,60,45,0,0,0;
l1:450,142,86,82,0,0,100,255,255,255,251,-1,0,light;
d0:-248,-494,47,16,1,0,500,0,-1,0;
d1:-564,-460,47,16,1,0,500,0,-1,0;
d2:-1051,-486,91,16,1,0,500,0,-1,0;
k0:469,80,25,25,4,0,100;
k1:893,-150,46,44,4,-1,0;
k2:1013,-300,57,57,4,-1,0;
k3:954,-81,51,54,4,-1,0;
k4:896,-369,43,52,4,-1,0;
k5:904,-583,148,21,0,-1,0;
k6:960,-240,42,40,4,-1,0;
k7:-1048,-430,1439,10,0,-1,0;
k8:-362,-566,15,119,0,-1,0;
k9:-398,-610,46,12,0,-1,0;
k10:-397,-690,46,12,0,-1,0;
k11:-359,-847,12,117,0,-1,0;
k12:-724,-646,46,12,0,-1,0;
k13:-725,-709,46,12,0,-1,0;
k14:-694,-586,14,127,0,-1,0;
k15:-694,-876,14,127,0,-1,0;
k16:-1053,-928,14,342,0,-1,0;
k17:-1021,-798,36,36,0,3,70;
n0:1,469,80,766,80,766,170,469,170;
n1:0,812,79,812,196;
n2:0,963,123,963,-586;
n3:0,-1016,-793,-864,-793;
s0:-729,-984,49,68,ZoomOut,0,2000;
s1:-377,-966,49,68,ZoomIn,0,2000;
s2:-673,-915,76,70,ZoomIn,2000,2000;
e0:2,-566,9,20,20,70,30;
e1:1,-197,-9,30,30,100,30;
e2:2,547,10,20,20,60,30;
e3:1,-72,-1101,37,37,150,30;
e4:1,132,-1019,44,44,150,30;
c0:-840,-54,18,1;
c1:483,-483,18,4;
c2:-372,-928,18,5;
/