m:hello,-1,-5000,-5000,5000,5000,background,98,3.000000,60000,0;
p:20,30,18,20;
1:-30,50,92,29,0.000000,0,30,arrows,0,0,0,0,1,255,255,0,0,81,-1,0;
2:150,50,92,29,0.000000,0,30,arrows,0,0,0,0,1,255,7,0,255,81,-1,0;
3:60,50,92,29,0.000000,0,30,arrows,0,0,0,0,1,255,7,255,0,81,-1,0;
4:320,-30,110,140,0.000000,0,30,tree,1,0,0,0,1,255,255,255,255,0,-1,0;
5:-50,80,310,30,0.000000,0,30,stone,0,0,0,0,1,255,255,255,255,0,-1,0;
6:-90,110,620,30,0.000000,0,30,floor,0,0,0,0,1,255,255,255,255,0,-1,0;
7:370,40,20,20,0.000000,0,30,torch,1,0,0,0,1,255,255,255,255,61,-1,0;
l1:-30,20,90,60,180,0,193,255,255,0,0,-1,0,light2;
l2:60,20,90,60,180,0,193,255,10,255,0,-1,0,light2;
l3:150,20,90,60,180,0,193,255,10,0,255,-1,0,light2;
l4:-50,50,310,60,180,0,127,255,255,255,255,-1,0,light2;
l5:340,0,80,90,180,0,100,255,255,255,255,-1,0,light;
/