m:introduction3,-1,-1000,-5000,1000,5000,background,142,3.000000,60000,0;
p:954,10,18,20;
1:660,30,373,25,0.000000,0,30,stone,0,0,0,0,1,255,255,255,255,0,-1,0,0,0,0,0;
2:270,-420,780,630,0.000000,0,30,underStone,0,0,0,0,0,255,255,255,255,0,-1,0,0,0,0,0;
3:660,-210,373,25,0.000000,0,30,stone,0,0,0,0,1,255,255,255,255,0,-1,0,2,0,0,0;
4:660,30,395,395,0.000000,0,30,soil,0,0,0,0,0,255,255,255,255,0,-1,0,0,0,0,0;
5:420,-60,240,180,-0.510508,0,30,soil,0,0,0,0,1,255,255,255,255,0,-1,0,0,0,0,0;
6:180,120,480,240,0.000000,0,30,soil,0,0,0,0,1,255,255,255,255,0,-1,0,0,0,0,0;
7:660,-540,390,330,0.000000,0,30,soil,0,0,0,0,0,255,255,255,255,0,-1,0,0,0,0,0;
8:270,-600,390,330,0.000000,0,30,soil,0,0,0,0,0,255,255,255,255,0,-1,0,0,0,0,0;
9:270,-270,390,30,0.000000,0,30,stone,0,0,0,0,1,255,255,255,255,0,-1,0,0,0,0,0;
10:180,-30,240,180,0.000000,0,30,soil,0,0,0,0,1,255,255,255,255,0,-1,0,0,0,0,0;
11:30,-60,390,30,0.000000,0,30,stone,0,0,0,0,1,255,255,255,255,0,-1,0,0,0,0,0;
12:30,-210,240,150,-1.570795,1,30,underStone,0,0,0,0,0,255,255,255,255,0,-1,0,0,0,0,0;
13:-180,-60,120,30,0.000000,0,30,stone,0,0,0,0,1,255,255,255,255,0,-1,0,0,0,0,0;
14:-450,-60,180,30,0.000000,0,30,stone,0,0,0,0,1,255,255,255,255,0,-1,0,0,0,0,0;
15:-140,-75,30,20,0.000000,0,15,spikes,0,0,0,0,0,255,255,255,255,0,-1,0,0,0,0,0;
16:-450,-75,30,15,0.000000,0,15,spikes,0,0,0,0,0,255,255,255,255,0,-1,0,0,0,0,0;
17:-355,-75,15,25,0.000000,0,15,spikes,0,0,0,0,0,255,255,255,255,0,-1,0,0,0,0,0;
18:825,15,45,15,0.000000,0,15,spikes,0,0,0,0,0,255,255,255,255,0,-1,0,0,0,0,0;
19:736,-222,65,62,0.000000,0,64,sawblade,0,0,0,0,1,255,255,255,255,15,-1,0,0,0,0,0;
20:794,-220,48,50,0.000000,0,64,sawblade,1,0,0,0,1,255,255,255,255,15,-1,0,0,0,0,0;
21:662,-199,89,86,0.000000,0,64,sawblade,1,0,0,0,1,255,255,255,255,15,-1,0,3,0,0,0;
22:830,-176,74,70,0.000000,0,64,sawblade,1,0,0,0,1,255,255,255,255,15,-1,0,0,0,0,0;
23:675,-125,74,70,0.000000,0,64,sawblade,1,0,0,0,0,255,255,255,255,15,0,60,0,0,0,0;
24:468,-169,54,53,0.000000,0,64,sawblade,1,0,0,0,0,255,255,255,255,15,1,40,0,0,0,0;
25:560,24,50,50,0.000000,0,64,sawblade,1,0,0,0,0,255,255,255,255,15,2,40,0,0,0,0;
26:859,-148,15,13,0.000000,0,30,None,0,0,0,0,0,255,255,255,255,0,-1,0,0,0,0,0;
27:530,-90,25,25,0.000000,0,30,torch,0,0,0,0,1,255,255,255,255,75,-1,0,0,0,0,0;
28:700,-170,20,30,0.000000,0,30,None,0,0,0,0,0,255,255,255,255,0,-1,0,0,0,0,0;
29:-590,-60,80,30,0.000000,0,30,stone,0,0,0,0,1,255,255,255,255,0,-1,0,0,0,0,0;
30:1010,-250,100,610,0.000000,0,30,soil,0,0,0,0,0,255,255,255,255,0,-1,0,0,0,0,0;
31:-330,-190,30,30,0.000000,0,30,tileWhite,0,0,0,0,0,255,255,255,255,108,-1,0,0,0,0,0;
32:-317,-160,5,116,0.000000,0,30,underStone,0,0,0,0,0,255,76,102,255,0,-1,0,0,0,0,0;
33:-720,-274,30,391,0.000000,0,30,arrows2,0,0,0,0,1,255,255,255,255,0,-1,0,3,0,0,0;
34:-510,-45,60,15,0.000000,0,15,spikes,0,0,0,0,0,255,255,255,255,0,-1,0,0,0,0,0;
35:-540,-30,720,30,0.000000,0,30,stone,0,0,0,0,1,255,255,255,255,0,-1,0,0,0,0,0;
36:-690,-20,15,125,0.000000,0,15,spikes,0,0,0,0,0,255,255,255,255,0,-1,0,3,0,0,0;
37:-690,100,120,30,0.000000,0,30,stone,0,0,0,0,1,255,255,255,255,0,-1,0,0,0,0,0;
38:-590,130,130,30,0.000000,0,30,stone,0,0,0,0,1,255,255,255,255,0,-1,0,0,0,0,0;
39:-270,-45,90,15,0.000000,0,15,spikes,0,0,0,0,0,255,255,255,255,0,-1,0,0,0,0,0;
40:-675,85,105,15,0.000000,0,15,spikes,0,0,0,0,0,255,255,255,255,0,-1,0,0,0,0,0;
41:-570,115,135,15,0.000000,0,15,spikes,0,0,0,0,0,255,255,255,255,0,-1,0,0,0,0,0;
42:-460,130,25,150,0.000000,0,30,stone,0,0,0,0,1,255,255,255,255,0,-1,0,3,0,0,0;
43:-280,130,25,180,0.000000,0,30,stone,0,0,0,0,1,255,255,255,255,0,-1,0,1,0,0,0;
44:-305,265,25,60,0.000000,0,30,stone,0,0,0,0,1,255,255,255,255,0,-1,0,1,0,0,0;
45:-435,265,25,90,0.000000,0,30,stone,0,0,0,0,1,255,255,255,255,0,-1,0,3,0,0,0;
46:-255,130,85,25,0.000000,0,30,stone,0,0,0,0,1,255,255,255,255,0,-1,0,0,0,0,0;
47:-280,115,105,20,0.000000,0,15,spikes,0,0,0,0,0,255,255,255,255,0,-1,0,0,0,0,0;
48:-435,130,15,45,0.000000,0,15,spikes,0,0,0,0,0,255,255,255,255,0,-1,0,3,0,0,0;
49:-295,130,15,135,0.000000,0,15,spikes,0,0,0,0,0,255,255,255,255,0,-1,0,1,0,0,0;
50:-410,265,15,90,0.000000,0,15,spikes,0,0,0,0,0,255,255,255,255,0,-1,0,3,0,0,0;
51:-320,265,15,60,0.000000,0,15,spikes,0,0,0,0,0,255,255,255,255,0,-1,0,1,0,0,0;
52:-170,0,350,155,0.000000,0,30,soil,0,0,0,0,1,255,255,255,255,0,-1,0,0,0,0,0;
53:-60,-45,90,15,0.000000,0,15,spikes,0,0,0,0,0,255,255,255,255,0,-1,0,0,0,0,0;
54:-435,220,15,45,0.000000,0,15,spikes,0,0,0,0,0,255,255,255,255,0,-1,0,3,0,0,0;
55:-435,180,100,25,0.000000,0,30,stone,0,0,0,0,1,255,255,255,255,0,-1,0,0,0,0,0;
56:-420,165,75,20,0.000000,0,15,spikes,0,0,0,0,0,255,255,255,255,0,-1,0,0,0,0,0;
57:-350,325,70,30,0.000000,0,30,stone,0,0,0,0,1,255,255,255,255,0,-1,0,0,0,0,0;
58:-350,310,30,20,0.000000,0,15,spikes,0,0,0,0,0,255,255,255,255,0,-1,0,0,0,0,0;
59:-280,150,475,220,0.000000,0,30,soil,0,0,0,0,0,255,255,255,255,0,-1,0,0,0,0,0;
60:-330,380,870,480,0.000000,0,30,underStone,0,0,58,20,0,255,255,255,255,0,-1,0,0,0,0,0;
61:-710,160,275,195,0.000000,0,30,soil,0,0,0,0,0,255,255,255,255,0,-1,0,0,0,0,0;
62:-715,355,300,210,0.000000,0,30,soil,0,0,0,0,1,255,255,255,255,0,-1,0,0,0,0,0;
63:-450,510,150,30,0.000000,0,30,stone,0,0,0,0,1,255,255,255,255,0,-1,0,0,0,0,0;
64:-995,-270,305,730,0.000000,0,30,soil,0,0,0,0,0,255,255,255,255,0,-1,0,0,0,0,0;
65:-710,130,120,30,0.000000,0,30,soil,0,0,0,0,0,255,255,255,255,0,-1,0,0,0,0,0;
66:-350,355,890,30,0.000000,0,30,stone,0,0,0,0,1,255,255,255,255,0,-1,0,2,0,0,0;
67:-450,378,120,150,0.000000,0,30,underStone,0,0,0,13,0,255,255,255,255,0,-1,0,0,0,0,0;
68:-430,350,83,29,-0.942477,0,30,underStone,0,0,27,47,0,255,255,255,255,0,-1,0,0,0,0,0;
69:-254,46,30,30,0.000000,0,30,tileWhite,0,0,0,0,0,255,255,255,255,108,-1,0,0,0,0,0;
70:-225,58,116,5,0.000000,0,30,underStone,0,0,0,0,0,255,76,102,255,0,-1,0,0,0,0,0;
71:-660,540,360,480,0.000000,0,30,soil,0,0,0,0,1,255,255,255,255,0,-1,0,0,0,0,0;
72:-150,870,690,245,0.000000,0,30,soil,0,0,0,0,1,255,255,255,255,0,-1,0,0,0,0,0;
73:-150,840,690,30,0.000000,0,30,floor,0,0,0,0,1,255,255,255,255,0,-1,0,0,0,0,0;
74:-151,721,208,120,-1.335176,0,30,soil,0,0,0,0,1,255,255,255,255,0,-1,0,0,0,0,0;
75:210,600,60,240,0.000000,0,30,tileWhite,0,0,0,0,1,255,255,255,255,0,-1,0,0,0,0,0;
76:210,360,60,150,0.000000,0,30,tileWhite,0,0,0,0,1,255,255,255,255,0,-1,0,0,0,0,0;
77:-240,540,90,120,0.000000,0,30,soil,0,0,0,0,1,255,255,255,255,0,-1,0,0,0,0,0;
78:-300,720,150,300,0.000000,0,30,soil,0,0,0,0,1,255,255,255,255,0,-1,0,0,0,0,0;
79:-240,510,90,30,0.000000,0,30,stone,0,0,0,0,1,255,255,255,255,0,-1,0,0,0,0,0;
80:-300,720,60,30,0.000000,0,30,stone,0,0,0,0,1,255,98,109,255,0,-1,0,0,0,0,0;
81:-90,420,90,30,0.000000,1,30,arrows,0,0,0,0,0,255,255,255,255,250,-1,0,3,0,0,0;
82:-300,750,60,30,0.000000,1,30,arrows,0,0,0,0,1,255,0,0,255,250,-1,0,1,0,0,0;
83:270,690,60,150,0.000000,0,30,tileWhite,0,0,0,0,1,255,255,255,255,0,-1,0,0,0,0,0;
84:330,690,210,30,0.000000,0,30,tileWhite,0,0,0,0,1,255,255,255,255,200,-1,0,0,0,0,0;
85:330,480,210,30,0.000000,0,30,tileWhite,0,0,0,0,1,255,255,255,255,200,-1,0,0,0,0,0;
86:270,360,60,150,0.000000,0,30,tileWhite,0,0,0,0,1,255,255,255,255,0,-1,0,0,0,0,0;
87:540,690,30,30,0.000000,0,30,tileWhite,0,0,0,0,1,255,0,255,0,200,-1,0,0,0,0,0;
88:570,480,30,30,0.000000,0,30,tileWhite,0,0,0,0,1,255,0,255,0,200,-1,0,0,0,0,0;
89:630,690,150,30,0.000000,0,30,tileWhite,0,0,0,0,1,255,0,255,0,200,-1,0,0,0,0,0;
90:540,360,870,570,0.000000,0,30,underStone,0,0,58,28,0,255,0,255,3,0,-1,0,0,0,0,0;
91:600,480,210,30,0.000000,0,30,tileWhite,0,0,0,0,1,255,255,255,255,200,-1,0,0,0,0,0;
92:540,480,30,30,0.000000,0,30,tileWhite,0,0,0,0,1,255,255,255,255,200,-1,0,0,0,0,0;
93:570,690,60,30,0.000000,0,30,tileWhite,0,0,0,0,1,255,255,255,255,200,-1,0,0,0,0,0;
94:780,690,60,30,0.000000,0,30,tileWhite,0,0,0,0,1,255,255,255,255,200,-1,0,0,0,0,0;
95:840,690,525,30,0.000000,0,30,tileWhite,0,0,0,0,1,255,0,255,0,200,-1,0,0,0,0,0;
96:810,480,270,30,0.000000,0,30,tileWhite,0,0,0,0,1,255,0,255,0,200,-1,0,0,0,0,0;
97:540,355,900,30,0.000000,0,30,stone,0,0,0,0,1,255,0,255,0,0,-1,0,2,0,0,0;
98:540,840,690,30,0.000000,0,30,floor,0,0,0,0,1,255,0,255,0,0,-1,0,0,0,0,0;
99:540,870,690,245,0.000000,0,30,soil,0,0,0,0,1,255,0,255,0,0,-1,0,0,0,0,0;
100:1025,510,105,180,0.000000,0,50,check,0,1,0,0,0,255,255,255,255,0,-1,0,0,1,0,0;
101:-300,498,60,223,0.000000,0,30,floatyThing,0,0,0,0,0,97,98,109,255,0,-1,0,0,0,0,100;
l1:783,-220,166,176,0,0,137,255,255,255,255,-1,0,light;
l2:656,-34,379,88,180,0,100,255,255,255,255,-1,0,light2;
l3:660,-210,379,88,0,0,100,255,255,255,255,-1,0,light2;
l4:30,-120,390,90,180,0,100,255,255,255,255,-1,0,light2;
l5:270,-270,390,90,0,0,100,255,255,255,255,-1,0,light2;
l6:460,-140,150,120,0,0,137,255,255,255,255,-1,0,light;
l7:620,-240,166,176,0,0,137,255,255,255,255,-1,0,light;
l8:-180,-120,120,90,180,0,100,255,255,255,255,-1,0,light2;
l9:-450,-120,180,90,180,0,100,255,255,255,255,-1,0,light2;
l10:-590,-120,80,90,180,0,100,255,255,255,255,-1,0,light2;
l11:-354,-218,76,84,180,0,96,255,255,255,255,-1,0,light3;
l12:455,-193,80,101,180,0,188,255,255,255,255,1,40,light;
l13:545,-1,80,101,180,0,188,255,255,255,255,2,40,light;
l14:672,-141,80,101,180,0,188,255,255,255,255,0,60,light;
l15:-744,-435,72,784,180,0,96,255,255,255,255,-1,0,light3;
l16:-540,-50,730,50,180,0,100,255,255,255,255,-1,0,light2;
l17:-690,40,120,90,180,0,100,255,255,255,255,-1,0,light2;
l18:-590,70,130,90,180,0,100,255,255,255,255,-1,0,light2;
l19:-370,195,185,50,90,0,100,255,255,255,255,-1,0,light2;
l20:-520,188,155,33,270,0,100,255,255,255,255,-1,0,light2;
l21:-448,276,93,66,270,0,100,255,255,255,255,-1,0,light2;
l22:-351,354,895,60,0,0,132,255,255,255,255,-1,0,light2;
l23:-450,480,150,60,180,0,132,255,255,255,255,-1,0,light2;
l24:-436,160,103,47,180,0,132,255,255,255,255,-1,0,light2;
l25:-277,18,76,84,180,0,96,255,255,255,255,-1,0,light3;
l26:-256,110,88,46,180,0,132,255,255,255,255,-1,0,light2;
l27:-165,798,715,65,180,0,132,255,255,255,255,-1,0,light2;
l28:-240,480,90,60,180,0,132,255,255,255,255,-1,0,light2;
l29:180,510,120,420,180,0,66,255,255,255,255,-1,0,light3;
l30:180,360,120,210,180,0,66,255,255,255,255,-1,0,light3;
l31:-300,450,60,300,180,0,76,255,87,105,255,-1,0,light2;
l32:-130,400,170,70,180,0,132,255,255,255,255,-1,0,light3;
l33:-320,740,100,50,180,0,71,255,0,0,255,-1,0,light3;
l34:240,570,120,330,180,0,66,255,255,255,255,-1,0,light3;
l35:240,300,120,300,180,0,66,255,255,255,255,-1,0,light3;
l36:195,465,505,70,180,0,66,255,255,255,255,-1,0,light3;
l37:240,675,370,60,180,0,66,255,255,255,255,-1,0,light3;
l38:-350,310,70,45,180,0,132,255,255,255,255,-1,0,light2;
l39:530,800,715,65,180,0,132,255,0,255,0,-1,0,light2;
l40:840,655,180,65,180,0,132,255,0,255,0,-1,0,light2;
l41:810,480,270,65,0,0,132,255,0,255,0,-1,0,light2;
l42:570,480,30,60,0,0,132,255,0,255,0,-1,0,light2;
l43:630,660,150,60,180,0,132,255,0,255,0,-1,0,light2;
l44:540,660,30,60,180,0,132,255,0,255,0,-1,0,light2;
l45:600,480,210,65,0,0,132,255,255,255,255,-1,0,light2;
l46:780,655,60,65,180,0,132,255,255,255,255,-1,0,light2;
l47:570,655,60,65,180,0,132,255,255,255,255,-1,0,light2;
d0:-300,540,60,180,1,1,500,0,-1,0;
k0:691,-110,42,40,0,0,60;
k1:480,-157,30,30,0,1,40;
k2:570,34,30,30,0,2,40;
k3:830,20,30,10,0,-1,0;
n0:0,700,-103,700,27;
n1:0,483,-155,482,15;
n2:0,573,37,573,-133;
c0:-560,-80,18,2;
/