m:introduction,13369,-2200,-5000,2200,5000,background,255,1.490000,60000,0;
p:-286,-331,18,20;
1:-140,20,400,30,0.000000,0,30,floor,0,0,0,0,1,255,255,255,255,0,-1,0,0,0,0,0,0;
2:-140,50,400,310,0.000000,0,30,soil,0,0,0,0,1,255,255,255,255,0,-1,0,0,0,0,0,0;
3:170,-10,30,30,0.000000,0,30,tomb,0,0,0,0,0,255,255,255,255,4,-1,0,0,0,0,0,0;
4:330,-30,280,30,0.000000,0,30,floor,0,0,0,0,1,255,255,255,255,0,-1,0,0,0,0,0,0;
5:330,0,280,360,0.000000,0,30,soil,0,0,0,0,1,255,255,255,255,0,-1,0,0,0,0,0,0;
6:260,-30,70,80,-0.667588,1,30,soil,0,0,72,17,1,255,255,255,255,0,-1,0,0,0,0,0,0;
7:-30,-130,130,150,0.000000,0,30,tree,1,0,0,0,0,255,255,255,255,0,-1,0,0,0,0,0,0;
8:-420,-310,280,670,0.000000,0,30,soil,0,0,0,0,1,255,255,255,255,0,-1,0,0,0,0,0,0;
9:60,-10,30,30,0.000000,0,30,box,0,0,0,0,0,255,255,255,255,0,-1,0,0,0,0,0,0;
10:-130,0,110,20,0.000000,0,30,stone,0,0,0,0,1,255,255,255,255,0,-1,0,0,0,0,0,0;
11:260,50,70,310,0.000000,0,30,soil,0,0,0,0,1,255,255,255,255,0,-1,0,0,0,0,0,0;
12:390,-60,30,30,0.000000,0,30,bush1,0,0,0,0,0,255,255,255,255,0,-1,0,0,0,0,0,0;
13:470,-60,30,30,0.000000,0,30,bush2,0,0,0,0,0,255,255,255,255,0,-1,0,0,0,0,0,0;
14:570,-60,30,30,0.000000,0,30,bush2,0,0,0,0,0,255,255,255,255,0,-1,0,0,0,0,0,0;
15:660,-10,210,610,0.000000,0,30,soil,0,0,0,0,1,255,255,255,255,0,-1,0,0,0,0,0,0;
16:870,180,610,430,0.000000,0,30,soil,0,0,0,0,1,255,255,255,255,0,-1,0,0,0,0,0,0;
17:870,180,610,20,0.000000,0,30,stone,0,0,0,0,1,255,255,255,255,0,-1,0,0,0,0,0,0;
18:660,-30,210,20,0.000000,0,30,floor,0,0,0,0,1,255,255,255,255,0,-1,0,0,0,0,0,0;
19:930,-30,160,20,0.000000,0,30,stone,0,0,0,0,1,255,255,255,255,0,-1,0,0,0,0,0,0;
20:940,-20,140,200,0.000000,0,30,underStone,0,0,0,0,0,255,100,100,100,0,-1,0,0,0,0,0,0;
21:990,-60,30,30,0.000000,0,30,box,0,0,0,0,0,255,255,255,255,0,-1,0,0,0,0,0,0;
22:1140,-30,160,20,0.000000,0,30,stone,0,0,0,0,1,255,255,255,255,0,-1,0,0,0,0,0,0;
23:1150,-10,140,200,0.000000,0,30,underStone,0,0,0,0,0,255,100,100,100,0,-1,0,0,0,0,0,0;
24:860,-30,20,200,0.000000,0,34,ladder,0,0,45,0,0,255,255,255,255,0,-1,0,0,0,0,0,0;
25:1100,150,30,30,0.000000,0,30,stone2,0,0,0,0,1,255,255,255,255,0,-1,0,0,0,0,0,0;
26:1080,160,20,20,0.000000,0,30,stone2,1,0,0,0,1,255,255,255,255,0,-1,0,0,0,0,0,0;
27:1130,160,20,20,0.000000,0,30,stone2,1,0,0,0,1,255,255,255,255,0,-1,0,0,0,0,0,0;
28:990,60,30,30,0.000000,0,30,torch,0,0,0,0,0,255,255,255,255,118,-1,0,0,0,0,0,0;
29:1210,60,30,30,0.000000,0,30,torch,0,0,0,0,0,255,255,255,255,118,-1,0,0,0,0,0,0;
30:330,-110,70,80,0.000000,0,30,tree,1,0,0,0,0,255,255,255,255,0,-1,0,0,0,0,0,0;
31:1350,-530,310,610,0.000000,0,30,soil,0,0,0,0,1,255,255,255,255,0,-1,0,0,0,0,0,0;
32:1390,-80,835,745,0.000000,0,30,underStone,0,0,0,0,0,255,100,100,100,0,-1,0,0,0,0,0,0;
33:1350,60,300,30,0.000000,0,30,stone,0,0,0,0,1,255,255,255,255,0,-1,0,2,0,0,0,0;
34:1340,-240,20,310,0.000000,0,34,ladder,0,0,72,13,0,255,255,255,255,0,-1,0,0,0,0,0,0;
35:1650,-180,110,480,0.000000,0,30,soil,0,0,0,0,1,255,255,255,255,0,-1,0,0,0,0,0,0;
36:1480,410,380,20,0.000000,0,30,stone,0,0,0,0,1,255,255,255,255,0,-1,0,0,0,0,0,0;
37:1480,430,380,430,0.000000,0,30,soil,0,0,0,0,1,255,255,255,255,0,-1,0,0,0,0,0,0;
38:1860,215,380,485,0.000000,0,30,soil,0,0,0,0,1,255,255,255,255,0,-1,0,0,0,0,0,0;
39:1200,-60,30,30,0.000000,0,30,tomb,0,0,0,0,0,255,255,255,255,0,-1,0,0,0,0,0,0;
40:1310,100,80,70,-1.138826,1,30,underStone,0,0,0,0,0,255,100,100,100,0,-1,0,0,0,0,0,0;
41:1760,140,30,190,0.000000,0,30,wall2,0,0,0,0,1,255,255,255,255,0,-1,0,0,0,0,0,0;
42:1760,-240,490,350,0.000000,0,30,soil,0,0,0,0,1,255,255,255,255,0,-1,0,0,0,0,0,0;
43:1620,90,30,210,0.000000,0,30,stone,0,0,0,0,1,255,255,255,255,0,-1,0,1,0,0,0,0;
44:1450,200,30,210,0.000000,0,30,stone,0,0,0,0,1,255,255,255,255,0,-1,0,3,0,0,0,0;
45:1620,300,140,30,0.000000,0,30,stone,0,0,0,0,1,255,255,255,255,0,-1,0,2,0,0,0,0;
46:1860,215,465,25,0.000000,0,30,stone,0,0,0,0,1,255,255,255,255,0,-1,0,0,0,0,0,0;
47:1760,110,575,30,0.000000,0,30,stone,0,0,0,0,1,255,255,255,255,0,-1,0,2,0,0,0,0;
48:1830,215,30,195,0.000000,0,30,wall2,0,0,0,0,1,255,255,255,255,0,-1,0,2,0,0,0,0;
49:2235,140,35,70,0.000000,0,50,check,0,1,0,0,0,255,255,255,255,0,-1,0,1,0,0,0,0;
50:2295,110,90,140,0.000000,0,30,stone,0,0,0,0,1,255,255,255,255,0,-1,0,3,0,0,0,0;
51:1540,135,30,30,0.000000,0,30,torch,0,0,0,0,0,255,255,255,255,118,-1,0,0,0,0,0,0;
52:1680,355,30,30,0.000000,0,30,torch,0,0,0,0,0,255,255,255,255,118,-1,0,0,0,0,0,0;
53:1540,255,30,30,0.000000,0,30,torch,0,0,0,0,0,255,255,255,255,118,-1,0,0,0,0,0,0;
54:870,110,65,70,0.000000,0,30,stone2,1,0,0,0,1,255,255,255,255,0,-1,0,0,0,0,0,0;
55:1025,-60,30,30,0.000000,0,30,box,0,0,0,0,0,255,255,255,255,0,-1,0,0,0,0,0,0;
56:-98,-352,25,25,0.000000,0,30,stone,0,0,0,0,1,255,255,255,255,0,-1,0,0,0,0,0,0;
l1:930,-10,140,160,0,0,142,255,255,255,255,-1,0,light;
l2:1150,-10,140,160,0,0,142,255,255,255,255,-1,0,light;
l3:1480,390,390,40,180,0,96,255,255,255,255,-1,0,light2;
l4:1485,195,140,160,0,0,142,255,255,255,255,-1,0,light;
l5:1480,75,140,160,0,0,142,255,255,255,255,-1,0,light;
l6:1620,285,140,160,0,0,142,255,255,255,255,-1,0,light;
l7:1855,200,390,40,180,0,147,255,255,255,255,-1,0,light2;
l8:1750,110,520,65,0,0,147,255,255,255,255,-1,0,light2;
/
i0:16,0,0,1,0,1,-285,-330,11.819666,8.000000;
i1:449,1,0,1,0,1,-233,-330,186.576397,0.000000;
i2:517,0,0,1,0,1,-220,-340,198.664163,34.000000;
i3:834,0,0,1,1,1,-150,-358,231.513573,192.500000;
i4:948,0,0,1,0,1,-127,-301,182.792343,192.500000;
i5:4017,1,0,1,0,1,604,-50,253.385040,0.000000;
i6:4255,0,0,1,0,1,664,-76,253.072788,119.000000;
i7:4916,1,0,1,0,1,832,-50,257.877868,0.000000;
i8:5000,0,0,1,0,1,853,-62,257.149570,42.000000;
i9:5682,1,0,1,0,1,1027,-50,255.520208,0.000000;
i10:5750,0,0,1,0,1,1044,-60,255.447290,34.000000;
i11:5882,0,0,1,1,1,1078,-74,254.437088,100.000000;
i12:6017,0,0,1,0,1,1107,-6,190.774659,100.000000;
i13:6168,0,0,1,1,1,1133,68,170.569980,100.000000;
i14:6234,0,0,1,0,1,1143,101,151.285294,100.000000;
i15:7435,1,0,1,0,1,1398,160,249.016838,0.000000;
i16:7516,0,0,1,0,1,1418,147,250.288784,40.500000;
i17:7853,0,0,1,1,1,1503,132,251.496794,209.000000;
i18:7949,0,0,1,0,1,1524,180,204.418037,209.000000;
i19:9066,1,0,1,0,1,1776,390,257.930450,0.000000;
i20:9218,0,0,1,0,1,1812,369,0.000000,76.000000;
i21:9335,1,0,1,0,1,1812,362,0.000000,134.500000;
i22:9449,0,0,1,0,1,1804,345,23.601753,57.000000;
i23:9682,1,0,1,0,1,1809,332,121.100126,173.500000;
i24:9833,0,0,1,0,1,1804,316,25.677718,59.000000;
i25:10084,1,0,1,0,1,1811,304,128.922463,184.500000;
i26:10204,0,0,1,0,1,1804,289,22.105342,52.500000;
i27:10467,1,0,1,0,1,1811,275,128.824560,184.000000;
i28:10602,1,1,0,0,1,1804,258,26.727441,60.500000;
i29:10617,0,1,0,0,1,1803,257,20.351565,68.000000;
i30:10802,1,1,0,0,1,1790,246,-0.000000,160.500000;
i31:10834,1,0,0,0,1,1792,241,-10.809855,16.000000;
i32:10850,1,0,1,0,1,1793,239,-11.911416,24.000000;
i33:10917,0,0,1,0,1,1798,230,4.371092,57.500000;
i34:11083,1,0,1,0,1,1812,218,0.000000,140.500000;
i35:11151,1,0,0,0,1,1806,208,15.690504,34.000000;
i36:11169,1,1,0,0,1,1805,205,18.514912,43.000000;
i37:11185,0,1,0,0,1,1804,203,13.629707,51.000000;
i38:11370,1,1,0,0,1,1790,190,-0.000000,143.500000;
i39:11388,1,0,1,0,1,1791,187,-13.217693,9.000000;
i40:11538,0,0,1,0,1,1802,168,23.144514,84.000000;
i41:13102,1,0,1,0,1,2147,195,261.658165,0.000000;
i42:13219,0,0,1,0,1,2178,178,259.356988,58.500000;
