m:introduction3,-1,-500,-5000,500,5000,background,200,3.600000,60000,0;
p:-478,9,19,21;
1:-570,30,1070,30,0.000000,0,30,stone,0,0,0,0,1,255,255,255,255,0,-1,0,0,0,0,0;
2:-501,-1040,1010,1110,0.000000,0,30,underStone,0,0,0,0,0,255,255,255,255,0,-1,0,0,0,0,0;
3:-500,60,1010,250,0.000000,0,30,soil,0,0,0,0,0,255,255,255,255,0,-1,0,0,0,0,0;
4:-570,-140,600,30,0.000000,0,30,stone,0,0,0,0,1,255,255,255,255,0,-1,0,2,0,0,0;
5:-510,-630,540,510,0.000000,0,30,soil,0,0,0,0,0,255,255,255,255,0,-1,0,0,0,0,0;
6:-400,-50,25,25,0.000000,0,30,torch,0,0,0,0,0,255,255,255,255,100,-1,0,0,0,0,0;
7:-300,-50,25,25,0.000000,0,30,torch,0,0,0,0,0,255,255,255,255,100,-1,0,0,0,0,0;
8:-200,-50,25,25,0.000000,0,30,torch,0,0,0,0,0,255,255,255,255,100,-1,0,0,0,0,0;
9:-100,-50,25,25,0.000000,0,30,torch,0,0,0,0,0,255,255,255,255,100,-1,0,0,0,0,0;
10:30,-630,30,510,0.000000,0,30,stone,0,0,0,0,1,255,255,255,255,0,-1,0,3,0,0,0;
11:480,-810,30,960,0.000000,0,30,soil,0,0,0,0,1,255,255,255,255,0,-1,0,0,0,0,0;
12:470,-660,20,640,0.000000,0,47,ladder,0,0,0,0,0,255,255,255,255,0,-1,0,0,0,0,0;
13:300,0,180,30,0.000000,0,30,tileWhite,0,0,0,0,1,255,87,76,105,0,-1,0,0,0,0,0;
14:420,-30,60,30,0.000000,0,30,tileWhite,0,0,0,0,1,255,87,76,105,0,-1,0,0,0,0,0;
15:400,-150,30,60,0.000000,0,30,tileWhite,0,0,0,0,0,255,87,76,105,0,-1,0,0,0,0,0;
16:180,-210,150,30,0.000000,0,30,tileWhite,0,0,0,0,1,255,87,76,105,0,-1,0,0,0,0,0;
17:120,-60,25,25,0.000000,0,30,torch,0,0,0,0,0,255,255,255,255,100,-1,0,0,0,0,0;
18:240,-60,25,25,0.000000,0,30,torch,0,0,0,0,0,255,255,255,255,100,-1,0,0,0,0,0;
19:400,-180,30,30,0.000000,0,30,tileWhite,0,0,0,0,0,255,255,255,255,0,-1,0,0,0,0,0;
20:60,-300,60,90,0.000000,0,30,tileWhite,0,0,0,0,1,255,87,76,105,0,-1,0,0,0,0,0;
21:120,-300,5,83,0.000000,0,12,arrows2,0,0,0,0,0,255,87,76,105,30,-1,0,3,0,0,0;
22:180,-360,60,30,0.000000,0,30,tileWhite,0,0,0,0,0,255,87,76,105,0,-1,0,0,0,0,0;
23:270,-360,60,30,0.000000,0,30,tileWhite,0,0,0,0,0,255,87,76,105,0,-1,0,0,0,0,0;
24:240,-360,30,30,0.000000,0,30,tileWhite,0,0,0,0,0,255,251,255,255,0,-1,0,0,0,0,0;
25:390,-420,30,30,0.000000,0,30,tileWhite,0,0,0,0,1,255,87,76,105,0,-1,0,0,0,0,0;
26:450,-510,30,30,0.000000,0,30,tileWhite,0,0,0,0,1,255,87,76,105,0,-1,0,0,0,0,0;
27:330,-540,60,30,0.000000,0,30,tileWhite,0,0,0,0,0,255,87,76,105,0,-1,0,0,0,0,0;
28:300,-540,30,30,0.000000,0,30,tileWhite,0,0,0,0,0,255,255,255,255,0,-1,0,0,0,0,0;
29:180,-570,30,60,0.000000,0,30,tileWhite,0,0,0,0,1,255,87,76,105,0,-1,0,0,0,0,0;
30:180,-480,60,30,0.000000,0,30,tileWhite,0,0,0,0,1,255,87,76,105,0,-1,0,0,0,0,0;
31:240,-630,30,60,0.000000,0,30,tileWhite,0,0,0,0,1,255,87,76,105,0,-1,0,0,0,0,0;
32:210,-570,60,30,0.000000,0,30,tileWhite,0,0,0,0,1,255,255,251,255,0,-1,0,0,0,0,0;
33:-120,-660,180,30,0.000000,0,30,stone,0,0,0,0,1,255,255,255,255,0,-1,0,0,0,0,0;
34:240,-660,150,30,0.000000,0,30,tileWhite,0,0,0,0,1,255,87,76,105,0,-1,0,0,0,0,0;
35:390,-660,60,30,0.000000,0,30,tileWhite,0,0,0,0,1,255,255,251,255,0,-1,0,0,0,0,0;
36:-510,-660,390,30,0.000000,0,30,arrows,0,0,0,0,1,255,255,255,255,100,-1,0,2,0,0,0;
37:-510,-840,1020,30,0.000000,0,30,stone,0,0,0,0,1,255,255,255,255,0,-1,0,2,0,0,0;
38:-520,-1040,1020,220,0.000000,0,30,soil,0,0,0,0,0,255,255,255,255,0,-1,0,0,0,0,0;
39:-200,-740,25,25,0.000000,0,30,torch,0,0,0,0,0,255,255,255,255,100,-1,0,0,0,0,0;
40:-320,-740,25,25,0.000000,0,30,torch,0,0,0,0,0,255,255,255,255,100,-1,0,0,0,0,0;
41:-430,-740,25,25,0.000000,0,30,torch,0,0,0,0,0,255,255,255,255,100,-1,0,0,0,0,0;
42:-10,-720,60,80,0.000000,0,30,torch2,1,0,0,0,0,255,255,255,255,0,-1,0,0,0,0,0;
43:-570,-111,53,167,0.000000,0,30,stone,0,0,0,0,1,255,255,255,255,0,-1,0,0,0,0,0;
44:-552,-770,46,113,0.000000,0,50,check,0,1,0,0,0,255,255,255,255,0,-1,0,0,1,0,0;
45:-567,-661,61,40,0.000000,0,50,stone,0,0,0,0,1,255,255,255,255,0,-1,0,0,0,0,0;
46:400,-180,30,90,0.000000,0,30,tileWhite,0,0,0,0,1,0,255,255,255,0,-1,0,0,0,0,0;
47:180,-360,150,30,0.000000,0,30,tileWhite,0,0,0,0,1,0,255,255,255,0,-1,0,0,0,0,0;
48:300,-540,90,30,0.000000,0,30,tileWhite,0,0,0,0,1,0,255,255,255,0,-1,0,0,0,0,0;
l1:-470,-110,160,150,0,0,100,255,255,255,255,-1,0,light;
l2:-370,-110,160,150,0,0,100,255,255,255,255,-1,0,light;
l3:-270,-110,160,150,0,0,100,255,255,255,255,-1,0,light;
l4:-170,-110,160,150,0,0,100,255,255,255,255,-1,0,light;
l5:60,-120,160,150,0,0,100,255,255,255,255,-1,0,light;
l6:180,-120,160,150,0,0,100,255,255,255,255,-1,0,light;
l7:375,-206,80,80,0,0,96,255,255,255,255,-1,0,light3;
l8:215,-385,80,80,0,0,96,255,255,255,255,-1,0,light3;
l9:276,-565,80,80,0,0,96,255,255,255,255,-1,0,light3;
l10:177,-585,120,60,0,0,96,255,255,255,255,-1,0,light3;
l11:360,-687,120,81,0,0,96,255,255,255,255,-1,0,light3;
l12:-510,-710,400,80,180,0,132,255,255,255,255,-1,0,light2;
l13:-260,-810,150,150,180,0,132,255,255,255,255,-1,0,light;
l14:-380,-810,150,150,180,0,132,255,255,255,255,-1,0,light;
l15:-500,-810,150,150,180,0,132,255,255,255,255,-1,0,light;
l16:-85,-822,220,240,180,0,142,255,255,255,255,-1,0,light;
d0:100,-296,25,79,3,1,300,0,-1,0;
c0:270,-240,18,3;
/