m:level 1,5935,-10000,-10000,10000,10000;
p:0,0,18,18,20;
0:5978,0,0,1,0.000000,t,977,-68,t,t,0;
1:-23,21,269,264,0.000000,f,50,1,f,f,0;
2:318,20,48,74,0.000000,f,50,1,f,f,0;
3:433,19,44,71,0.000000,f,50,1,f,f,0;
4:553,19,221,59,0.000000,f,50,1,f,f,0;
5:694,-138,24,118,0.000000,f,50,2,f,f,0;
6:755,-76,23,95,0.000000,f,50,2,f,f,0;
7:777,-74,150,72,-0.230000,f,50,2,f,f,0;
8:1084,29,101,18,0.000000,f,50,6,f,f,2;
/
i0:0,0,0,1,0,1,0,0,2.378527,1.500000;
i1:918,1,0,1,0,1,162,0,249.086295,1.500000;
i2:1000,0,0,1,0,1,182,-9,252.748966,42.000000;
i3:1453,1,0,1,0,1,299,-7,262.612466,268.500000;
i4:1545,0,0,1,0,1,323,-5,263.436221,19.000000;
i5:2010,1,0,1,0,1,446,-11,265.400210,251.500000;
i6:2140,0,0,1,0,1,481,-6,265.607480,21.500000;
i7:2934,1,0,1,0,1,692,-1,266.020086,1.000000;
i8:3083,1,0,0,0,1,732,-17,263.635060,76.000000;
i9:3091,1,1,0,0,1,733,-18,258.141106,79.000000;
i10:3291,1,1,1,0,1,722,-38,-69.140713,91.500000;
i11:3321,1,0,1,0,1,719,-40,-67.081670,106.500000;
i12:3563,1,1,1,0,1,734,-61,67.483160,101.500000;
i13:3572,1,1,0,0,1,735,-62,63.848193,106.500000;
i14:3820,1,1,1,0,1,720,-84,-67.894523,104.500000;
i15:3847,1,0,1,0,1,718,-85,-66.496941,118.000000;
i16:4039,0,0,1,0,1,732,-104,69.325580,90.000000;
i17:4903,1,0,1,0,1,831,-87,196.780301,22.500000;
i18:5029,0,0,1,0,1,857,-96,218.572761,39.000000;
