m:level,8042,-10000,-10000,10000,10000,2;
p:0,0,18,18,20;
1:-8,25,187,55,0.000000,f,50,1,f,f,0;
2:442,-67,47,19,0.000000,f,50,7,f,f,2;
3:-260,67,48,20,0.000000,f,50,6,f,f,1;
4:96,-129,26,114,0.000000,f,50,1,f,f,0;
5:158,-66,25,92,0.000000,f,50,1,f,f,0;
6:181,-65,187,38,1.100000,f,50,1,f,f,0;
7:246,134,52,17,0.000000,f,50,7,f,f,2;
8:359,-56,271,32,0.000000,f,50,1,f,f,0;
9:589,35,89,20,0.000000,f,50,1,f,f,0;
10:444,35,89,20,0.000000,f,50,1,f,f,0;
11:48,134,89,20,0.000000,f,50,1,f,f,0;
12:-131,145,87,180,0.490000,t,50,1,f,f,0;
/
i0:0,0,0,1,0,1,0,0,1.590442,1.000000;
i1:671,1,0,1,0,1,102,4,230.732265,0.500000;
i2:878,1,1,1,0,1,135,-19,-86.727922,22.500000;
i3:910,1,1,0,0,1,133,-22,-80.493256,38.000000;
i4:1112,1,1,1,0,1,126,-40,87.177098,21.500000;
i5:1144,1,0,1,0,1,128,-44,78.154746,37.000000;
i6:1374,1,1,1,0,1,134,-64,-80.789064,32.500000;
i7:1405,1,1,0,0,1,131,-68,-75.551676,48.000000;
i8:1581,1,1,1,0,1,125,-82,90.144904,16.500000;
i9:1613,1,0,1,0,1,127,-86,80.891471,32.500000;
i10:1692,0,0,1,0,1,133,-94,69.938901,71.500000;
i11:2784,1,0,1,0,1,274,-103,227.070968,0.500000;
i12:2874,0,0,1,0,1,296,-115,236.528009,46.500000;
i13:3477,1,0,1,0,1,448,-87,261.452332,347.500000;
c0:3479;
i14:3573,0,0,1,0,1,473,-98,262.663214,46.500000;
i15:4132,0,1,1,0,1,621,-78,262.496352,326.500000;
i16:4169,0,1,0,0,1,629,-75,208.440304,0.500000;
i17:4807,1,1,0,0,1,594,14,-196.256128,1.000000;
i18:4906,0,1,0,0,1,574,2,-214.075772,50.000000;
i19:6126,1,1,0,0,1,266,104,-264.971749,298.000000;
c1:6159;
i20:6235,0,1,0,0,1,237,103,-265.258096,38.500000;
i21:6906,1,1,0,0,1,59,113,-266.192295,0.500000;
i22:7035,0,1,0,0,1,24,98,-266.206899,65.500000;
i23:7529,1,1,0,0,1,-106,74,-266.274141,0.500000;
i24:7693,0,1,0,0,1,-150,39,-266.284433,83.000000;
i25:7966,0,1,1,0,1,-222,40,-266.330673,219.000000;
i26:8004,0,0,1,0,1,-232,43,-264.737719,238.000000;
