m:level 1,1600,-5000,-5000,5000,5000,background,255,2.000000,84021;
p:0,0,18,20;
1:-32,53,153,191,0.000000,0,50,stone,0,0,0,0,1,255,255,255,255,0,0,0,100;
2:198,56,25,25,0.000000,0,50,stone,0,0,0,0,1,255,255,255,255,0,0,0,100;
3:306,56,25,25,0.000000,0,50,check,0,1,0,0,1,255,255,255,255,0,0,0,255;
/
i0:0,0,0,1,0,1,0,0,11.114182,7.500000;
i1:409,1,0,1,0,1,47,30,181.869348,7.500000;
i2:530,0,0,1,0,1,71,17,203.451140,68.000000;
i3:938,1,0,1,0,1,162,27,238.284886,271.500000;
i4:1163,0,0,1,0,1,217,19,245.819717,75.000000;
i5:1356,0,0,0,0,1,265,15,237.137287,172.500000;
i6:1389,0,1,0,0,1,272,16,201.652223,189.500000;
i7:1496,0,0,0,0,1,286,23,90.357136,241.500000;
