m:Level 1,mrGun3r,7938,-1000,-1000,1000,1000;
p:180,320,18,18,20;

1:100,480,200,20,1.2,f,20,2,t,f,0;
2:210,300,50,10,0,f,20,2,f,f,0;
3:500,500,300,30,0,f,20,2,f,f,0;
4:-50,200,100,200,0,f,20,2,f,f,0;
5:-200,100,100,30,0,f,20,5,f,f,1;
8:-50,20,100,200,0,f,20,2,f,f,0;
9:50,200,100,200,0,f,20,2,f,f,0;
10:-50,200,100,200,0,f,20,2,f,f,0;
11:300,450,100,20,0,f,20,2,f,f,0;
12:300,390,60,35,-1.3,f,20,2,f,f,0;
13:330,370,60,10,1.3,f,20,2,f,f,0;
14:300,320,60,25,-1.3,f,20,2,f,f,0;
15:150,250,60,40,-1.3,f,20,2,f,f,0;
16:210,250,50,10,1.3,f,20,2,f,f,0;
17:150,210,35,20,-1.3,f,20,2,f,f,0;
23:50,190,50,10,0,f,20,6,f,f,2;

/
i0:0,0,0,1,0,1,180,320,3.161883,2.000000;
i1:194,0,0,0,0,1,193,329,115.611518,99.000000;
i2:377,0,0,1,0,1,209,356,69.399951,190.000000;
i3:599,1,0,1,0,1,236,411,164.894003,301.500000;
i4:776,0,0,1,0,1,270,435,206.301695,36.500000;
i5:1095,0,0,0,0,1,342,430,239.587806,2.000000;
i6:1138,0,1,0,0,1,352,430,207.468210,2.000000;
i7:1205,1,1,0,0,1,362,429,122.628415,1.500000;
i8:1490,0,1,0,0,1,361,407,-100.756616,144.500000;
i9:1775,0,0,0,0,1,316,384,-192.812232,1.500000;
i10:1862,0,0,1,0,1,302,376,-146.196210,1.500000;
i11:1901,1,0,1,0,1,297,373,-99.696251,2.000000;
i12:2241,0,0,1,0,1,310,352,133.656497,172.000000;
i13:2465,0,0,0,0,1,312,369,192.137114,284.000000;
i14:2562,0,1,0,0,1,317,384,138.381901,5.000000;
i15:2916,0,0,0,0,1,311,381,-122.435252,1.500000;
i16:3083,0,0,1,0,1,295,372,-71.860876,1.500000;
i17:3113,1,0,1,0,1,294,371,-42.861486,1.500000;
i18:3382,0,0,1,0,1,309,349,127.791366,136.000000;
i19:3613,0,0,0,0,1,347,345,193.626063,2.000000;
i20:3660,0,1,0,0,1,356,345,165.034017,2.000000;
i21:3731,1,1,0,0,1,365,342,81.467962,2.500000;
i22:3936,0,1,0,0,1,363,322,-77.218266,104.500000;
i23:4276,0,0,0,0,1,313,309,-194.640753,1.500000;
i24:4414,1,0,0,0,1,291,299,-127.581747,3.000000;
i25:4455,1,1,0,0,1,286,294,-116.675609,22.500000;
i26:4609,0,1,0,0,1,264,280,-171.671163,99.500000;
i27:4739,1,1,0,0,1,239,278,-201.931149,164.500000;
i28:4874,1,0,0,0,1,210,269,-219.857635,41.500000;
i29:4882,0,0,0,0,1,209,268,-214.009121,46.000000;
i30:4969,0,0,1,0,1,192,261,-162.241239,89.000000;
i31:5111,1,0,1,0,1,181,255,-14.878610,1.500000;
i32:5297,0,0,1,0,1,191,236,105.367100,95.000000;
i33:5478,0,0,0,0,1,192,235,167.240613,185.500000;
i34:5603,0,1,0,0,1,192,243,110.337451,248.000000;
i35:5836,0,0,0,0,1,186,259,-75.453839,2.500000;
i36:6008,0,0,1,0,1,176,253,-42.045067,2.000000;
i37:6016,1,0,1,0,1,176,252,-35.660436,1.500000;
i38:6276,0,0,1,0,1,191,230,128.138584,132.500000;
i39:6404,0,0,0,0,1,211,228,168.431287,2.000000;
i40:6412,0,1,0,0,1,212,227,161.280789,2.000000;
i41:6533,1,1,0,0,1,223,225,32.402233,1.500000;
i42:6898,0,1,0,0,1,192,204,-165.726810,184.000000;
i43:6993,0,0,0,0,1,175,209,-188.056251,1.500000;
i44:7018,0,0,1,0,1,170,206,-170.802761,2.000000;
i45:7073,1,0,1,0,1,163,201,-105.622825,1.500000;
i46:7159,1,0,0,0,1,157,190,-23.621855,45.000000;
i47:7196,1,1,0,0,1,157,187,-23.585414,63.000000;
i48:7251,0,1,0,0,1,154,183,-60.933785,91.000000;
i49:7401,1,1,0,0,1,139,179,-134.611600,165.500000;
i50:7522,0,1,0,0,1,120,167,-173.351467,49.500000;
i51:7578,0,0,0,0,1,110,163,-184.654450,78.000000;
i52:7612,0,0,1,0,1,104,160,-163.610739,95.000000;
i53:7691,0,0,0,0,1,95,158,-76.337607,134.500000;
i54:7916,0,0,0,0,0,82,167,-38.905123,247.000000;
