m:my first ever attempt actually lmao,4782,-1000,-1000,1000,1000;
p:0,0,18,18,20;
0:-38,47,98,53,-1.360000,f,50,1,f,f,0;
1:-39,99,350,55,0.000000,f,50,1,f,f,0;
2:157,63,154,39,-1.570795,t,50,1,f,f,0;
3:284,195,121,32,0.000000,f,50,1,f,f,0;
4:-62,-35,26,189,0.000000,f,50,1,f,f,0;
5:394,-80,23,309,0.000000,f,50,1,f,f,0;
6:180,221,55,146,0.000000,f,50,1,f,f,0;
7:57,219,56,146,0.000000,f,50,1,f,f,0;
8:-52,232,26,145,0.040000,f,50,1,f,f,0;
9:-250,276,50,27,0.000000,f,50,5,f,f,2;
/
i0:0,0,0,1,0,1,0,0,1.590442,1.000000;
i1:1155,1,0,1,0,1,222,62,257.442566,1.000000;
i2:1313,0,0,1,0,1,263,45,260.668928,80.500000;
i3:1546,0,0,0,0,1,324,41,260.932172,25.500000;
i4:1553,0,1,0,0,1,325,41,254.693531,28.500000;
i5:2684,1,1,0,0,1,194,196,-248.409629,144.500000;
i6:2819,0,1,0,0,1,160,188,-254.266175,50.500000;
i7:2850,0,1,1,0,1,152,185,-255.282261,65.500000;
i8:2864,0,0,1,0,1,149,184,-252.544785,72.500000;
i9:2957,0,0,0,0,1,132,179,-128.026271,119.000000;
i10:2962,0,1,0,0,1,131,179,-127.713342,121.500000;
i11:3224,1,1,0,0,1,86,189,-202.956239,252.500000;
i12:3362,0,1,0,0,1,57,191,-224.328677,29.000000;
i13:3466,0,1,1,0,1,33,181,-235.494925,81.000000;
i14:3478,0,0,1,0,1,30,180,-233.392874,87.000000;
i15:3619,0,1,1,0,1,10,176,-64.501997,157.500000;
i16:3628,0,1,0,0,1,9,176,-70.449052,162.500000;
i17:3912,1,1,0,0,1,-28,200,-182.585549,305.000000;
i18:4084,0,1,0,0,1,-62,190,-215.914193,69.000000;
i19:4618,0,1,1,0,1,-191,218,-255.735074,335.500000;
i20:4631,0,0,1,0,1,-194,221,-251.393462,342.500000;
i21:4691,0,0,1,0,0,-207,233,-150.000000,372.500000;
