m:projectile,-1,-5000,-5000,5000,5000,background,255,2.500000,60000,0;
p:245,9,18,20;
1:-17,29,522,27,0.000000,0,30,stone,0,0,0,0,1,242,255,255,255,0,-1,0,0,0,0,0,0;
2:616,-68,23,49,0.000000,0,30,stone,0,0,0,0,0,72,255,255,255,0,-1,0,0,0,0,0,0;
3:244,-119,30,54,0.000000,0,30,stone,0,0,0,0,1,72,255,255,255,0,-1,0,0,0,0,0,0;
4:765,-69,23,49,0.000000,0,30,stone,0,0,0,0,0,72,255,255,255,0,-1,0,0,0,0,0,0;
5:895,48,12,13,0.000000,0,30,tileBlue,1,0,0,0,1,255,255,255,255,100,-1,0,1,0,0,0,1;
6:621,-34,12,13,0.000000,0,30,tileBlue,1,0,0,0,1,255,255,255,255,100,-1,0,0,0,0,0,1;
7:771,-37,12,13,0.000000,0,30,tileBlue,1,0,0,0,1,255,255,255,255,100,-1,0,0,0,0,0,1;
8:368,8,30,54,0.000000,0,30,stone,0,0,0,0,1,72,255,255,255,0,-1,0,0,0,0,0,0;
9:1170,101,12,13,0.000000,0,30,tileBlue,1,0,0,0,1,255,255,255,255,100,-1,0,0,0,0,0,1;
10:1516,178,12,13,0.000000,0,30,tileBlue,1,0,0,0,1,255,255,255,255,100,-1,0,0,0,0,0,1;
11:1643,258,522,27,0.000000,0,30,stone,0,0,0,0,1,242,255,255,255,0,-1,0,0,0,0,0,0;
12:505,29,254,116,-0.746128,0,30,stone,0,0,0,0,1,238,255,255,255,0,-1,0,0,0,0,0,0;
13:255,-71,12,13,0.000000,0,30,tileBlue,1,0,0,0,1,255,255,255,255,100,-1,0,0,0,0,0,1;
14:-300,95,116,23,0.000000,0,30,stone,0,0,0,0,1,242,255,255,255,0,-1,0,0,0,0,0,1;
k0:883,-118,38,166,255,-1,0;
k1:1007,53,35,325,255,-1,0;
k2:1148,-81,38,166,255,-1,0;
k3:1147,242,219,172,255,-1,0;
k4:1603,122,44,166,255,-1,0;
k5:1605,-156,44,166,255,-1,0;
c0:-5,9,18,6;
c1:374,-13,18,7;
/