m:saved,1549,-5000,-5000,5000,5000,background,255,2.000000,60000,0;
p:0,0,18,20;
0:-43,30,417,34,0.000000,0,30,stone,0,0,0,0,1,255,255,255,255,0,-1,0,0,0,0,0,0;
1:219,-40,103,73,0.000000,0,46,check,0,1,0,0,0,93,255,255,255,0,-1,0,0,0,0,0,0;
2:127,-45,90,82,0.000000,0,30,stone,0,0,0,0,1,255,255,255,255,0,-1,0,0,0,0,0,0;
3:36,-26,90,82,-0.667588,1,30,stone,0,0,0,0,1,255,255,255,255,0,-1,0,0,0,0,0,0;
/
i0:17,0,0,1,0,1,0,0,10.642706,8.500000;
i1:584,0,0,0,0,1,77,-24,209.995048,0.000000;
i2:634,0,1,0,0,1,88,-29,192.674051,0.000000;
i3:667,1,1,0,0,1,93,-32,150.783189,0.000000;
i4:784,1,0,0,0,1,102,-49,31.614268,58.500000;
i5:816,1,0,1,0,1,103,-52,17.457855,74.500000;
i6:866,0,0,1,0,1,105,-56,50.126077,99.500000;
i7:1549,0,0,1,1,1,221,-64,232.549780,16.500000;
