m:specials,-1,-5000,-5000,5000,5000,background,255,3.690000,60000,0;
p:-121,19,18,20;
1:-139,42,601,24,0.000000,0,30,stone,0,0,0,0,1,255,255,255,255,0,-1,0,0,0,0,0,0;
2:607,-21,22,20,0.000000,0,30,tileBlue,1,0,0,0,1,255,255,255,255,50,-1,0,0,0,0,0,1;
3:748,34,22,20,0.000000,0,30,tileBlue,1,0,0,0,1,255,255,255,255,50,-1,0,0,0,0,0,1;
4:644,135,22,20,0.000000,0,30,tileBlue,1,0,0,0,1,255,255,255,255,50,-1,0,0,0,0,0,1;
5:536,219,22,20,0.000000,0,30,tileBlue,1,0,0,0,1,255,255,255,255,50,-1,0,0,0,0,0,1;
c0:9,21,18,1;
c1:88,19,18,3;
c2:155,18,18,4;
c3:226,20,18,5;
c4:297,21,18,6;
c5:361,18,18,7;
/