m:aaaa,-1,-10000,-10000,10000,10000,0;
p:0,0,18,18,20;
1:-110,27,388,259,0.000000,f,50,1,f,0;
2:277,56,388,259,0.000000,f,50,1,f,0;
3:-494,50,388,259,0.000000,f,50,1,f,0;
4:-205,268,388,259,0.000000,f,50,1,f,0;
5:160,278,388,259,0.000000,f,50,1,f,0;
/
i0:0,0,1,0,0,0,0,0,-0.498504,0.500000;
i1:19,0,1,0,0,1,0,0,-9.210719,9.500000;
i2:808,0,0,0,0,1,-132,7,-241.439873,4.000000;
i3:848,0,0,1,0,1,-142,7,-210.516606,25.000000;
i4:1150,1,0,1,0,1,-156,29,72.233637,0.500000;
i5:1373,0,0,1,0,1,-128,9,167.058500,112.500000;
i6:1438,0,1,1,0,1,-117,5,182.772158,144.500000;
i7:1462,0,1,0,0,1,-113,5,152.888392,156.000000;
i8:1703,1,1,0,0,1,-105,6,-63.275893,0.500000;
i9:1864,0,1,0,0,1,-122,-10,-140.955555,81.000000;
i10:2076,0,1,1,0,1,-159,-13,-199.857649,187.000000;
i11:2087,0,0,1,0,1,-162,-13,-199.018718,193.000000;
i12:2421,1,0,1,0,1,-171,28,94.687065,359.500000;
i13:2718,0,0,1,0,1,-125,6,195.803690,145.500000;
i14:2751,0,1,1,0,1,-118,7,196.661654,2.000000;
i15:2777,0,1,0,0,1,-114,7,165.834626,0.500000;
i16:2965,1,1,0,0,1,-102,6,-20.242054,0.500000;
i17:3126,0,1,0,0,1,-114,-10,-114.398033,81.000000;
i18:3378,0,0,0,0,1,-154,-12,-194.111538,207.000000;
i19:3414,0,0,1,0,1,-161,-9,-173.469038,225.000000;
i20:3701,1,0,1,0,1,-169,30,80.225396,0.500000;
i21:3975,0,0,1,0,1,-130,7,184.465313,137.000000;
