m:ultrakill,5203,-5000,-5000,5000,5000,background,255,4.020000;
p:-54,4,18,20;
1:-60,33,213,215,0.000000,0,46,wood,0,0,0,0,1,255,255,255,255,0,0,0,100;
2:467,-30,154,61,0.000000,0,50,Bcheck,0,2,0,0,0,114,255,255,255,0,0,0,100;
3:908,8,10,262,0.000000,0,50,stone,0,0,0,0,1,255,255,255,255,0,0,0,100;
4:763,309,11,78,0.000000,0,50,stone,0,0,0,0,1,255,255,255,255,0,0,0,100;
5:1036,389,340,34,0.000000,0,50,stone,0,0,0,0,1,255,255,255,255,0,0,0,100;
6:1119,163,36,229,0.000000,0,50,Bcheck,0,2,0,0,0,93,255,255,255,0,0,0,100;
7:1270,308,42,121,0.000000,0,50,check,0,1,0,0,0,127,255,255,255,0,0,0,100;
d0:-11,-3,166,37,0,1,780,59;
d1:469,165,148,25,1,0,1440,1440;
d2:767,310,25,77,0,0,1500,1500;
k0:151,57,102,59,59;
k1:146,-123,102,59,59;
k2:249,92,110,207,207;
k3:249,-235,110,207,207;
k4:357,118,110,207,207;
k5:355,-353,112,335,335;
k6:618,-56,147,490,490;
k7:463,-421,471,146,146;
k8:917,-309,157,586,586;
k9:762,-10,86,180,180;
/
i0:0,0,0,1,0,1,-53,4,4.567166,3.000000;
i1:732,1,0,1,0,1,115,11,427.264972,4.000000;
i2:869,0,0,1,0,1,175,-3,453.860070,72.500000;
c0:1905;
i3:2805,0,0,0,0,1,808,-214,252.750199,495.500000;
i4:3004,0,1,0,0,1,845,-145,131.532150,595.500000;
i5:3095,0,0,0,0,1,853,-106,46.952063,641.000000;
i6:3395,0,0,1,0,1,862,58,27.408807,791.500000;
i7:3629,1,0,1,0,1,884,221,141.799815,908.500000;
i8:3683,1,0,0,0,1,890,262,0.001597,0.000000;
i9:3705,1,1,0,0,1,887,259,-0.359950,11.000000;
i10:3747,0,1,0,0,1,884,254,-3.141623,31.500000;
i11:4460,1,1,0,0,1,790,296,-197.699008,387.500000;
i12:4537,1,1,1,0,1,879,317,-209.623168,426.500000;
i13:4565,1,0,1,0,1,905,325,-198.238438,440.500000;
i14:4642,0,0,1,0,1,972,349,-102.874834,480.000000;
i15:4782,1,0,1,0,1,1065,367,16.572937,4.000000;
c1:4853;
i16:4915,0,0,1,0,1,1136,353,94.777518,70.000000;
