m:ultrakill,5544,-5000,-5000,5000,5000,background,255;
p:-54,4,18,20;
1:-60,33,213,215,0.000000,0,46,wood,0,0,0,0,1,255,255,255,255,0,0,0,100;
2:467,-30,154,61,0.000000,0,50,Bcheck,0,2,0,0,0,114,255,255,255,0,0,0,100;
3:908,8,10,262,0.000000,0,50,stone,0,0,0,0,1,255,255,255,255,0,0,0,100;
4:763,309,11,78,0.000000,0,50,stone,0,0,0,0,1,255,255,255,255,0,0,0,100;
5:1036,389,340,34,0.000000,0,50,stone,0,0,0,0,1,255,255,255,255,0,0,0,100;
6:1119,163,36,229,0.000000,0,50,Bcheck,0,2,0,0,0,93,255,255,255,0,0,0,100;
7:1270,308,42,121,0.000000,0,50,check,0,1,0,0,0,127,255,255,255,0,0,0,100;
d0:-11,-3,166,37,0,1,780,780;
d1:469,165,148,25,1,0,1440,1440;
d2:767,310,25,77,0,0,1500,1500;
k0:151,57,102,59,59;
k1:146,-123,102,59,59;
k2:249,92,110,207,207;
k3:249,-235,110,207,207;
k4:357,118,110,207,207;
k5:355,-353,112,335,335;
k6:618,-56,147,490,490;
k7:463,-421,471,146,146;
k8:917,-309,157,586,586;
k9:762,-10,86,180,180;
/
i0:0,0,0,1,0,1,-53,4,8.971614,6.000000;
i1:710,1,0,1,0,1,107,11,419.566997,6.500000;
i2:848,0,0,1,0,1,166,-3,447.822611,74.000000;
c0:1866;
i3:2739,0,0,0,0,1,787,-225,242.468308,483.500000;
i4:2932,0,0,1,0,1,820,-165,149.245510,576.000000;
i5:3068,0,0,0,0,1,845,-104,170.394123,648.000000;
i6:3579,0,0,1,0,1,888,204,48.149971,900.000000;
i7:3768,1,0,1,0,1,890,252,11.821425,0.000000;
i8:3840,1,1,1,0,1,883,243,1.231972,35.000000;
i9:3868,1,1,0,0,1,881,240,-2.580250,49.000000;
i10:3897,0,1,0,0,1,879,238,-7.228325,63.000000;
i11:4528,1,1,0,0,1,795,284,-193.262248,378.500000;
i12:4678,1,1,1,0,1,907,323,-214.995522,452.500000;
i13:4702,1,0,1,0,1,928,331,-199.858207,465.000000;
i14:4784,0,0,1,0,1,989,358,-102.018382,505.500000;
i15:4840,1,0,1,0,1,1024,379,7.521319,0.000000;
i16:4990,0,0,1,0,1,1096,352,20.370583,74.500000;
c1:5008;
