m:ultrakill,5190,-5000,-5000,5000,5000,background,255;
p:-54,4,18,20;
0:762,-10,86,180,0.000000,t,364,None,t,104,0,0,0,0,0,0,0;
1:-60,33,213,215,0.000000,f,46,wood,f,0,0,0,1,255,255,255,255;
2:467,-30,154,61,0.000000,f,50,Bcheck,f,2,0,0,0,114,255,255,255;
3:908,8,10,262,0.000000,f,50,stone,f,0,0,0,1,255,255,255,255;
4:763,309,11,78,0.000000,f,50,stone,f,0,0,0,1,255,255,255,255;
5:1036,389,340,34,0.000000,f,50,stone,f,0,0,0,1,255,255,255,255;
6:1119,163,36,229,0.000000,f,50,Bcheck,f,2,0,0,0,93,255,255,255;
7:1270,308,42,121,0.000000,f,50,check,f,1,0,0,0,127,255,255,255;
d0:-11,-3,166,37,0,1,780;
d1:469,165,148,25,1,0,1440;
d2:765,309,25,77,0,0,1500;
k0:151,57,102,59;
k1:146,-123,102,59;
k2:249,92,110,207;
k3:249,-235,110,207;
k4:357,118,110,207;
k5:355,-353,112,335;
k6:618,-56,147,490;
k7:463,-421,471,146;
k8:917,-309,157,586;
k9:762,-10,86,180;
/
i0:0,0,0,1,0,1,-53,4,7.521274,5.000000;
i1:705,1,0,1,0,1,104,11,417.020698,6.000000;
i2:836,0,0,1,0,1,161,-2,446.829903,71.500000;
c0:1874;
i3:2853,0,0,0,0,1,814,-191,244.118699,536.000000;
i4:3545,0,0,1,0,1,884,183,43.801628,883.500000;
i5:3612,1,0,1,0,1,888,231,80.732118,916.000000;
i6:3662,1,1,1,0,1,888,255,-0.375813,8.000000;
i7:3695,1,1,0,0,1,885,251,-2.281951,24.500000;
i8:3760,0,1,0,0,1,880,244,-9.806759,56.500000;
i9:4459,1,1,0,0,1,823,302,-202.565137,405.500000;
i10:4529,1,1,1,0,1,896,321,-212.055896,440.000000;
i11:4556,1,0,1,0,1,921,329,-194.566489,454.000000;
i12:4651,0,0,1,0,1,994,360,-84.593621,501.000000;
i13:4715,1,0,1,0,1,1036,367,-27.216509,5.500000;
c1:4838;
i14:4890,0,0,1,0,1,1131,350,86.729711,92.000000;
